0.000000,0.643985,0.939082,0.612174,0.954763
0.000010,0.765698,-0.337371,-0.797289,0.304725
0.000020,-0.641848,-0.933275,-0.617165,-0.952165
0.000030,-0.765235,0.345010,0.789034,-0.302548
0.000040,0.639574,0.941019,0.607008,0.951876
0.000050,0.767977,-0.337116,-0.789598,0.298883
0.000060,-0.633976,-0.938940,-0.610369,-0.951422
0.000070,-0.770084,0.343791,0.792595,-0.298803
0.000080,0.639964,0.942802,0.606364,0.950127
0.000090,0.767997,-0.343438,-0.795318,0.305162
0.000100,-0.638288,-0.941032,-0.610558,-0.954995
0.000110,-0.772949,0.341720,0.790209,-0.299462
0.000120,0.641115,0.946363,0.610465,0.951153
0.000130,0.767518,-0.338657,-0.791174,0.303964
0.000140,-0.643322,-0.937162,-0.606398,-0.956960
0.000150,-0.766318,0.338152,0.791654,-0.300439
0.000160,0.643570,0.938612,0.609623,0.953895
0.000170,0.764612,-0.336830,-0.790545,0.303781
0.000180,-0.639457,-0.937403,-0.610683,-0.950502
0.000190,-0.769019,0.344520,0.792926,-0.301703
0.000200,0.640371,0.935624,0.616172,0.950032
0.000210,0.770233,-0.345239,-0.789098,0.301430
0.000220,-0.641518,-0.944618,-0.612852,-0.954632
0.000230,-0.763582,0.334558,0.792047,-0.298629
0.000240,0.645263,0.937196,0.614366,0.950728
0.000250,0.765544,-0.343829,-0.790650,0.298990
0.000260,-0.642760,-0.938708,-0.611401,-0.952016
0.000270,-0.769916,0.342368,0.790146,-0.303377
0.000280,0.638631,0.938499,0.612851,0.954795
0.000290,0.768062,-0.340170,-0.790069,0.307315
0.000300,-0.640530,-0.942582,-0.610827,-0.948889
0.000310,-0.766520,0.345432,0.793210,-0.307141
0.000320,0.637290,0.939038,0.604186,0.955136
0.000330,0.774526,-0.344844,-0.791239,0.301565
0.000340,-0.640070,-0.935288,-0.609738,-0.949840
0.000350,-0.763773,0.342962,0.792341,-0.303287
0.000360,0.646932,0.940015,0.609303,0.953868
0.000370,0.770075,-0.344619,-0.790284,0.299607
0.000380,-0.637187,-0.943278,-0.612516,-0.956238
0.000390,-0.769768,0.341453,0.788554,-0.301516
0.000400,0.640681,0.941569,0.605098,0.953941
0.000410,0.768849,-0.342638,-0.794396,0.310819
0.000420,-0.638652,-0.940339,-0.611661,-0.950055
0.000430,-0.772903,0.344068,0.794002,-0.304966
0.000440,0.646745,0.939526,0.609814,0.947057
0.000450,0.769566,-0.343440,-0.791784,0.302160
0.000460,-0.642869,-0.935057,-0.606108,-0.949483
0.000470,-0.769395,0.337631,0.796217,-0.298712
0.000480,0.644229,0.937455,0.612298,0.950427
0.000490,0.769428,-0.340150,-0.789747,0.299692
0.000500,-0.640443,-0.942723,-0.611426,-0.951144
0.000510,-0.766997,0.339021,0.789655,-0.304355
0.000520,0.645193,0.945642,0.613275,0.949131
0.000530,0.770704,-0.343051,-0.793829,0.300382
0.000540,-0.637698,-0.941637,-0.614302,-0.953645
0.000550,-0.764758,0.343161,0.789913,-0.302385
0.000560,0.638964,0.944094,0.611547,0.951860
0.000570,0.772100,-0.340151,-0.792977,0.305162
0.000580,-0.640849,-0.931892,-0.612624,-0.954365
0.000590,-0.764464,0.340779,0.791762,-0.299921
0.000600,0.640540,0.934515,0.607482,0.954493
0.000610,0.769109,-0.342870,-0.784620,0.302921
0.000620,-0.638363,-0.938602,-0.612176,-0.954418
0.000630,-0.767847,0.337687,0.789309,-0.304562
0.000640,0.640050,0.941592,0.612645,0.953526
0.000650,0.769039,-0.339712,-0.792282,0.297158
0.000660,-0.643911,-0.935215,-0.608379,-0.957203
0.000670,-0.770198,0.341736,0.789441,-0.307650
0.000680,0.639847,0.938175,0.609997,0.954946
0.000690,0.769516,-0.345568,-0.789953,0.307066
0.000700,-0.640783,-0.943800,-0.607704,-0.951972
0.000710,-0.767569,0.336466,0.796909,-0.309597
0.000720,0.644110,0.939010,0.606911,0.950500
0.000730,0.771889,-0.338398,-0.790033,0.305506
0.000740,-0.641687,-0.942058,-0.608312,-0.951608
0.000750,-0.769693,0.340639,0.787726,-0.303871
0.000760,0.638198,0.939402,0.606468,0.955917
0.000770,0.768597,-0.341758,-0.792804,0.307935
0.000780,-0.635153,-0.941761,-0.613241,-0.952160
0.000790,-0.760347,0.343696,0.795688,-0.308639
0.000800,0.639643,0.942114,0.610077,0.948996
0.000810,0.774964,-0.339176,-0.787055,0.307579
0.000820,-0.642180,-0.938222,-0.610658,-0.957467
0.000830,-0.765289,0.339220,0.791156,-0.300886
0.000840,0.639068,0.943313,0.610623,0.952043
0.000850,0.765663,-0.338357,-0.790920,0.306708
0.000860,-0.642771,-0.943205,-0.614077,-0.951452
0.000870,-0.770001,0.341818,0.794875,-0.301340
0.000880,0.636782,0.938843,0.604880,0.950882
0.000890,0.763788,-0.342568,-0.791788,0.299860
0.000900,-0.640545,-0.941025,-0.614816,-0.957234
0.000910,-0.770491,0.344090,0.788287,-0.301070
0.000920,0.640952,0.942556,0.612110,0.955772
0.000930,0.771218,-0.344065,-0.791784,0.307104
0.000940,-0.636832,-0.935520,-0.608959,-0.960300
0.000950,-0.770430,0.344971,0.795215,-0.301657
0.000960,0.639380,0.940658,0.606792,0.954195
0.000970,0.773106,-0.339064,-0.794775,0.300237
0.000980,-0.639455,-0.937373,-0.613479,-0.954397
0.000990,-0.766784,0.343229,0.795378,-0.307428
0.001000,0.641029,0.939808,0.606665,0.952877
0.001010,0.770701,-0.339318,-0.794531,0.308160
0.001020,-0.637411,-0.939702,-0.610034,-0.952268
0.001030,-0.767574,0.343045,0.791181,-0.294530
0.001040,0.644378,0.941240,0.611738,0.952281
0.001050,0.770822,-0.340137,-0.790078,0.307338
0.001060,-0.638752,-0.938088,-0.614802,-0.950881
0.001070,-0.768170,0.337057,0.793076,-0.302306
0.001080,0.643129,0.941212,0.606206,0.958142
0.001090,0.771241,-0.335730,-0.791747,0.299965
0.001100,-0.640415,-0.941494,-0.604657,-0.952326
0.001110,-0.764012,0.341022,0.789104,-0.303552
0.001120,0.640692,0.938205,0.613916,0.951531
0.001130,0.774127,-0.343037,-0.795381,0.302680
0.001140,-0.645073,-0.941749,-0.609435,-0.948959
0.001150,-0.761402,0.336706,0.792107,-0.302915
0.001160,0.645760,0.943650,0.608293,0.950762
0.001170,0.768448,-0.338855,-0.787065,0.302682
0.001180,-0.641252,-0.936673,-0.609347,-0.952169
0.001190,-0.773913,0.342191,0.787603,-0.303835
0.001200,0.642568,0.939974,0.606362,0.952311
0.001210,0.770039,-0.338753,-0.790892,0.302730
0.001220,-0.645691,-0.943046,-0.604333,-0.947450
0.001230,-0.766424,0.337282,0.791083,-0.310130
0.001240,0.641365,0.942057,0.606435,0.954282
0.001250,0.766317,-0.344460,-0.786914,0.306774
0.001260,-0.635622,-0.937375,-0.612372,-0.952561
0.001270,-0.766688,0.336209,0.793691,-0.299314
0.001280,0.636843,0.939513,0.610169,0.957188
0.001290,0.768124,-0.339880,-0.794533,0.302030
0.001300,-0.638049,-0.941029,-0.609081,-0.952053
0.001310,-0.768397,0.335566,0.795026,-0.302498
0.001320,0.641237,0.941262,0.607807,0.951088
0.001330,0.766323,-0.342198,-0.790818,0.300100
0.001340,-0.642008,-0.941110,-0.611972,-0.946523
0.001350,-0.767305,0.338858,0.784671,-0.303723
0.001360,0.639038,0.934867,0.609804,0.953719
0.001370,0.768684,-0.344819,-0.793602,0.303257
0.001380,-0.638485,-0.938372,-0.611966,-0.952758
0.001390,-0.771112,0.342622,0.795764,-0.306606
0.001400,0.643055,0.941025,0.609916,0.951611
0.001410,0.769665,-0.338767,-0.788652,0.306659
0.001420,-0.638796,-0.940975,-0.607257,-0.955315
0.001430,-0.766303,0.339310,0.792497,-0.305262
0.001440,0.639468,0.938439,0.610731,0.950948
0.001450,0.767194,-0.345876,-0.791194,0.299902
0.001460,-0.633028,-0.942248,-0.607910,-0.945274
0.001470,-0.765611,0.338186,0.788047,-0.301159
0.001480,0.640731,0.939069,0.612033,0.952246
0.001490,0.763491,-0.340515,-0.794638,0.298593
0.001500,-0.636546,-0.936809,-0.611582,-0.957863
0.001510,-0.764121,0.337795,0.789868,-0.301417
0.001520,0.637273,0.942680,0.613564,0.953759
0.001530,0.764145,-0.337378,-0.791856,0.307059
0.001540,-0.643223,-0.942631,-0.612732,-0.952760
0.001550,-0.765193,0.341604,0.792514,-0.299523
0.001560,0.636486,0.936382,0.609754,0.952825
0.001570,0.764749,-0.337746,-0.788128,0.303565
0.001580,-0.640837,-0.942565,-0.614500,-0.953060
0.001590,-0.768643,0.340353,0.796696,-0.301071
0.001600,0.641020,0.939781,0.609896,0.957694
0.001610,0.769414,-0.336098,-0.791661,0.304289
0.001620,-0.641107,-0.939791,-0.612744,-0.955613
0.001630,-0.764989,0.338280,0.792785,-0.304482
0.001640,0.637467,0.943982,0.605842,0.946040
0.001650,0.771278,-0.344785,-0.791322,0.300489
0.001660,-0.642778,-0.940738,-0.612991,-0.951677
0.001670,-0.766661,0.336734,0.798261,-0.302421
0.001680,0.640192,0.941196,0.611307,0.951491
0.001690,0.766148,-0.340794,-0.793520,0.299497
0.001700,-0.641156,-0.943765,-0.615736,-0.954701
0.001710,-0.771026,0.340524,0.795257,-0.301454
0.001720,0.640979,0.936180,0.605322,0.957158
0.001730,0.770727,-0.336662,-0.789185,0.296490
0.001740,-0.636911,-0.939218,-0.606615,-0.954464
0.001750,-0.768542,0.338436,0.795792,-0.304812
0.001760,0.640726,0.940254,0.611194,0.953642
0.001770,0.772017,-0.338211,-0.791227,0.310465
0.001780,-0.640400,-0.931967,-0.606023,-0.951154
0.001790,-0.769789,0.342632,0.794242,-0.302030
0.001800,0.637571,0.941741,0.609402,0.950842
0.001810,0.767371,-0.346107,-0.794848,0.301553
0.001820,-0.640187,-0.938810,-0.614943,-0.952726
0.001830,-0.770115,0.339540,0.794644,-0.297521
0.001840,0.642073,0.939099,0.614751,0.956112
0.001850,0.769150,-0.339611,-0.788100,0.308716
0.001860,-0.638477,-0.937859,-0.610966,-0.954050
0.001870,-0.771114,0.339416,0.789205,-0.309705
0.001880,0.641482,0.937861,0.609199,0.955280
0.001890,0.768535,-0.343425,-0.789873,0.305317
0.001900,-0.644447,-0.945117,-0.612446,-0.957356
0.001910,-0.767366,0.338817,0.794812,-0.303925
0.001920,0.642935,0.941167,0.602915,0.947482
0.001930,0.765636,-0.343768,-0.796705,0.304854
0.001940,-0.641796,-0.942277,-0.605373,-0.953236
0.001950,-0.768026,0.336675,0.790385,-0.306137
0.001960,0.638822,0.942786,0.613563,0.956844
0.001970,0.769139,-0.334785,-0.792532,0.307315
0.001980,-0.638862,-0.939153,-0.611530,-0.956659
0.001990,-0.767058,0.340056,0.795666,-0.307057
0.002000,0.634319,0.941465,0.608414,0.959195
0.002010,0.773170,-0.341830,-0.792087,0.302928
0.002020,-0.642484,-0.942566,-0.604852,-0.954430
0.002030,-0.771484,0.342968,0.788584,-0.305376
0.002040,0.642230,0.932006,0.609912,0.951583
0.002050,0.768372,-0.346308,-0.795419,0.302026
0.002060,-0.641235,-0.936715,-0.608340,-0.949698
0.002070,-0.768795,0.337812,0.791626,-0.306207
0.002080,0.640913,0.941352,0.608983,0.954054
0.002090,0.763008,-0.343544,-0.799336,0.308731
0.002100,-0.642184,-0.940388,-0.612193,-0.954474
0.002110,-0.763966,0.342555,0.789778,-0.303685
0.002120,0.633670,0.937046,0.611388,0.956260
0.002130,0.768714,-0.344983,-0.789004,0.305253
0.002140,-0.642163,-0.947164,-0.610935,-0.951061
0.002150,-0.767824,0.340269,0.789505,-0.305266
0.002160,0.642871,0.935968,0.614285,0.950188
0.002170,0.769858,-0.342018,-0.790399,0.309233
0.002180,-0.639316,-0.939757,-0.604485,-0.955697
0.002190,-0.768449,0.342767,0.790733,-0.304295
0.002200,0.643396,0.938211,0.607924,0.954615
0.002210,0.768833,-0.338886,-0.795397,0.304879
0.002220,-0.639499,-0.937698,-0.615533,-0.951736
0.002230,-0.768791,0.341761,0.791358,-0.304555
0.002240,0.640208,0.943472,0.617019,0.947195
0.002250,0.767474,-0.339400,-0.793518,0.302145
0.002260,-0.644537,-0.942269,-0.608236,-0.952193
0.002270,-0.772461,0.344870,0.793143,-0.310518
0.002280,0.640703,0.945954,0.613144,0.957371
0.002290,0.767982,-0.337953,-0.795538,0.305782
0.002300,-0.635380,-0.940956,-0.608837,-0.954537
0.002310,-0.771551,0.337320,0.793577,-0.306805
0.002320,0.637454,0.939391,0.606493,0.951302
0.002330,0.768833,-0.342180,-0.787133,0.304096
0.002340,-0.640187,-0.945033,-0.614888,-0.952152
0.002350,-0.772232,0.339472,0.797240,-0.303967
0.002360,0.637972,0.939878,0.612755,0.948830
0.002370,0.765137,-0.342948,-0.798761,0.298109
0.002380,-0.645689,-0.937909,-0.607152,-0.952714
0.002390,-0.767339,0.341010,0.795913,-0.304869
0.002400,0.641179,0.934047,0.612635,0.956856
0.002410,0.771175,-0.340540,-0.791579,0.300844
0.002420,-0.639644,-0.940511,-0.610075,-0.954481
0.002430,-0.763383,0.341124,0.794424,-0.303866
0.002440,0.641726,0.938748,0.612643,0.949852
0.002450,0.771825,-0.341186,-0.791789,0.307862
0.002460,-0.639202,-0.945418,-0.612183,-0.955069
0.002470,-0.763450,0.343085,0.788949,-0.301505
0.002480,0.643477,0.943015,0.606269,0.955903
0.002490,0.768932,-0.339462,-0.796739,0.300397
0.002500,-0.637522,-0.941087,-0.608895,-0.947544
0.002510,-0.761300,0.339913,0.797021,-0.301473
0.002520,0.635724,0.938738,0.605002,0.954943
0.002530,0.765350,-0.341037,-0.790973,0.306064
0.002540,-0.642494,-0.942339,-0.609971,-0.954798
0.002550,-0.770113,0.343367,0.788766,-0.302865
0.002560,0.644581,0.938962,0.616861,0.949451
0.002570,0.769884,-0.341833,-0.788342,0.301167
0.002580,-0.639023,-0.937809,-0.606748,-0.954042
0.002590,-0.766509,0.338407,0.791646,-0.301698
0.002600,0.634248,0.940423,0.610899,0.949798
0.002610,0.766257,-0.341443,-0.794322,0.302480
0.002620,-0.642066,-0.940995,-0.604112,-0.953298
0.002630,-0.773834,0.343282,0.795908,-0.304845
0.002640,0.645939,0.941277,0.615280,0.951751
0.002650,0.761661,-0.337975,-0.789985,0.300526
0.002660,-0.638091,-0.944306,-0.612662,-0.948854
0.002670,-0.767093,0.335961,0.793872,-0.306953
0.002680,0.645348,0.940775,0.603048,0.951551
0.002690,0.770156,-0.341069,-0.789888,0.306619
0.002700,-0.638805,-0.947312,-0.609526,-0.952784
0.002710,-0.769272,0.345997,0.796820,-0.308855
0.002720,0.638406,0.946164,0.604427,0.956439
0.002730,0.769763,-0.338796,-0.793738,0.303610
0.002740,-0.646185,-0.942402,-0.611308,-0.953013
0.002750,-0.767572,0.342713,0.793821,-0.304582
0.002760,0.645326,0.937966,0.613235,0.956816
0.002770,0.759728,-0.339454,-0.792439,0.294780
0.002780,-0.642141,-0.940869,-0.605389,-0.953356
0.002790,-0.766735,0.341778,0.792556,-0.296630
0.002800,0.647412,0.943250,0.604189,0.954290
0.002810,0.766434,-0.341978,-0.791120,0.304725
0.002820,-0.634376,-0.943293,-0.603674,-0.948352
0.002830,-0.767794,0.341474,0.790055,-0.308975
0.002840,0.642046,0.940174,0.612620,0.957297
0.002850,0.768504,-0.340884,-0.781901,0.304033
0.002860,-0.642001,-0.947340,-0.607429,-0.946666
0.002870,-0.764387,0.335885,0.791901,-0.307981
0.002880,0.644049,0.937867,0.603740,0.951930
0.002890,0.765218,-0.342100,-0.796501,0.304746
0.002900,-0.640893,-0.946500,-0.604817,-0.951743
0.002910,-0.765844,0.344942,0.792557,-0.306239
0.002920,0.643218,0.942921,0.609902,0.948433
0.002930,0.765002,-0.338118,-0.789670,0.298410
0.002940,-0.640440,-0.938168,-0.607345,-0.950891
0.002950,-0.769845,0.343480,0.790338,-0.309261
0.002960,0.643870,0.942112,0.611820,0.952042
0.002970,0.767341,-0.340738,-0.788821,0.304910
0.002980,-0.645199,-0.944064,-0.605228,-0.952727
0.002990,-0.767829,0.330942,0.794140,-0.306671
0.003000,0.635543,0.939874,0.613483,0.953981
0.003010,0.763660,-0.336438,-0.795083,0.300237
0.003020,-0.638835,-0.940924,-0.608744,-0.951903
0.003030,-0.769785,0.341836,0.796319,-0.301710
0.003040,0.641451,0.943565,0.608678,0.954770
0.003050,0.769239,-0.342466,-0.791725,0.302166
0.003060,-0.635313,-0.943061,-0.610520,-0.950807
0.003070,-0.768261,0.344527,0.793400,-0.298983
0.003080,0.637476,0.939981,0.606859,0.950148
0.003090,0.766089,-0.340806,-0.789403,0.300874
0.003100,-0.646667,-0.938984,-0.610546,-0.951422
0.003110,-0.767344,0.338329,0.789078,-0.298866
0.003120,0.645269,0.935846,0.612169,0.949835
0.003130,0.766622,-0.339788,-0.789935,0.300188
0.003140,-0.641374,-0.941401,-0.606334,-0.949081
0.003150,-0.767963,0.341710,0.791412,-0.302656
0.003160,0.641675,0.939743,0.609858,0.955858
0.003170,0.766579,-0.338892,-0.796768,0.301902
0.003180,-0.640094,-0.938681,-0.603756,-0.953303
0.003190,-0.767545,0.339201,0.793604,-0.302773
0.003200,0.639262,0.941564,0.609588,0.947379
0.003210,0.770905,-0.339459,-0.793630,0.304690
0.003220,-0.641256,-0.942792,-0.609243,-0.953511
0.003230,-0.768731,0.339968,0.793660,-0.300533
0.003240,0.638663,0.939213,0.609749,0.954251
0.003250,0.767115,-0.339775,-0.791134,0.299996
0.003260,-0.639407,-0.940234,-0.611241,-0.952937
0.003270,-0.766423,0.342862,0.799072,-0.303071
0.003280,0.638735,0.937982,0.609886,0.955458
0.003290,0.766353,-0.340755,-0.795686,0.301516
0.003300,-0.646595,-0.946610,-0.615003,-0.954000
0.003310,-0.766755,0.344151,0.797339,-0.298988
0.003320,0.636115,0.942686,0.610011,0.949556
0.003330,0.768440,-0.338999,-0.793442,0.301537
0.003340,-0.642397,-0.939319,-0.612984,-0.954970
0.003350,-0.768919,0.346799,0.795163,-0.300670
0.003360,0.638299,0.939142,0.611597,0.958097
0.003370,0.767577,-0.340139,-0.791278,0.304126
0.003380,-0.639032,-0.939135,-0.607559,-0.950223
0.003390,-0.763985,0.343393,0.794971,-0.301527
0.003400,0.642026,0.942798,0.608404,0.951779
0.003410,0.768566,-0.337389,-0.796094,0.304152
0.003420,-0.641338,-0.942886,-0.612259,-0.948315
0.003430,-0.769029,0.340244,0.792482,-0.307317
0.003440,0.638005,0.939567,0.607431,0.953965
0.003450,0.767755,-0.335974,-0.789470,0.299132
0.003460,-0.641758,-0.945772,-0.612493,-0.954111
0.003470,-0.770183,0.338932,0.793352,-0.299122
0.003480,0.637979,0.940647,0.609351,0.947459
0.003490,0.760753,-0.338489,-0.784817,0.301613
0.003500,-0.640056,-0.940806,-0.609668,-0.950878
0.003510,-0.762207,0.347131,0.795326,-0.301150
0.003520,0.638341,0.938324,0.609711,0.956797
0.003530,0.768153,-0.338259,-0.794322,0.304562
0.003540,-0.643700,-0.941918,-0.616403,-0.950630
0.003550,-0.774038,0.340297,0.790420,-0.298684
0.003560,0.639345,0.941603,0.610010,0.953176
0.003570,0.771023,-0.338443,-0.799606,0.304869
0.003580,-0.645895,-0.936045,-0.608894,-0.951086
0.003590,-0.770599,0.335762,0.797166,-0.302920
0.003600,0.641022,0.940894,0.610176,0.946545
0.003610,0.768138,-0.338298,-0.794217,0.303797
0.003620,-0.639881,-0.940532,-0.610851,-0.955068
0.003630,-0.763162,0.341169,0.793524,-0.306141
0.003640,0.637735,0.939792,0.611262,0.952867
0.003650,0.770425,-0.338724,-0.791155,0.305682
0.003660,-0.636508,-0.941974,-0.608396,-0.951295
0.003670,-0.769531,0.335058,0.790718,-0.305324
0.003680,0.641387,0.936419,0.610147,0.954131
0.003690,0.762995,-0.340021,-0.793294,0.302297
0.003700,-0.642168,-0.942331,-0.609954,-0.953801
0.003710,-0.766234,0.341766,0.795565,-0.302818
0.003720,0.645362,0.944523,0.612187,0.952616
0.003730,0.762804,-0.344667,-0.787508,0.302847
0.003740,-0.640340,-0.938943,-0.608260,-0.953191
0.003750,-0.767401,0.338782,0.790000,-0.297468
0.003760,0.643375,0.940980,0.611221,0.951891
0.003770,0.772363,-0.340724,-0.795232,0.305303
0.003780,-0.641997,-0.938279,-0.608661,-0.956119
0.003790,-0.767399,0.338863,0.792117,-0.302808
0.003800,0.643105,0.943510,0.609373,0.956214
0.003810,0.770030,-0.343310,-0.791280,0.303523
0.003820,-0.638844,-0.942539,-0.615025,-0.953731
0.003830,-0.766946,0.338459,0.792699,-0.303822
0.003840,0.637045,0.939116,0.607926,0.950532
0.003850,0.768101,-0.345018,-0.792108,0.309576
0.003860,-0.640930,-0.941853,-0.611943,-0.950137
0.003870,-0.766630,0.345033,0.795314,-0.305970
0.003880,0.636074,0.941243,0.609754,0.953599
0.003890,0.768888,-0.343161,-0.790789,0.296914
0.003900,-0.637092,-0.933596,-0.606264,-0.950352
0.003910,-0.766543,0.339221,0.792865,-0.305128
0.003920,0.641655,0.940271,0.609137,0.958094
0.003930,0.771889,-0.340647,-0.791489,0.311991
0.003940,-0.638410,-0.938419,-0.608858,-0.949250
0.003950,-0.769604,0.342075,0.795710,-0.299478
0.003960,0.639193,0.941028,0.614133,0.955658
0.003970,0.761985,-0.342945,-0.793170,0.301485
0.003980,-0.640508,-0.939405,-0.614348,-0.951847
0.003990,-0.765883,0.335046,0.790349,-0.303776
0.004000,0.643889,0.948266,0.609266,0.950801
0.004010,0.767202,-0.338924,-0.789673,0.303469
0.004020,-0.635183,-0.937835,-0.612021,-0.951418
0.004030,-0.768882,0.343040,0.790011,-0.297530
0.004040,0.638140,0.943607,0.610442,0.952983
0.004050,0.767716,-0.346326,-0.793055,0.301637
0.004060,-0.644619,-0.942936,-0.610005,-0.948732
0.004070,-0.765088,0.340951,0.790770,-0.304637
0.004080,0.647482,0.940781,0.607209,0.953320
0.004090,0.767188,-0.341409,-0.785698,0.299390
0.004100,-0.643168,-0.940833,-0.609347,-0.951463
0.004110,-0.773694,0.340793,0.793501,-0.302256
0.004120,0.641768,0.938686,0.609239,0.944476
0.004130,0.770649,-0.341618,-0.786708,0.307914
0.004140,-0.639587,-0.934939,-0.613646,-0.952308
0.004150,-0.767252,0.335651,0.793074,-0.305018
0.004160,0.642577,0.942816,0.609448,0.953630
0.004170,0.773740,-0.341026,-0.799451,0.305864
0.004180,-0.642441,-0.942861,-0.608519,-0.956035
0.004190,-0.769332,0.338743,0.793206,-0.306363
0.004200,0.645098,0.946331,0.609400,0.951841
0.004210,0.765505,-0.339341,-0.790091,0.302398
0.004220,-0.645387,-0.942088,-0.610228,-0.953724
0.004230,-0.767393,0.335428,0.795317,-0.301891
0.004240,0.641637,0.944367,0.610340,0.954193
0.004250,0.765906,-0.337758,-0.795164,0.304591
0.004260,-0.639021,-0.934871,-0.612842,-0.950802
0.004270,-0.764946,0.339821,0.791255,-0.298529
0.004280,0.643249,0.943709,0.608586,0.951505
0.004290,0.771355,-0.338457,-0.789949,0.311679
0.004300,-0.645333,-0.937018,-0.609869,-0.950030
0.004310,-0.768274,0.338893,0.794158,-0.302270
0.004320,0.642008,0.942442,0.609934,0.956283
0.004330,0.767789,-0.342084,-0.790378,0.308912
0.004340,-0.636114,-0.941439,-0.612608,-0.951251
0.004350,-0.766824,0.340447,0.792928,-0.303494
0.004360,0.637234,0.937470,0.605911,0.952892
0.004370,0.765463,-0.338689,-0.786252,0.307330
0.004380,-0.637565,-0.945366,-0.606802,-0.954753
0.004390,-0.766472,0.342576,0.792428,-0.301434
0.004400,0.648722,0.941550,0.605347,0.953789
0.004410,0.765447,-0.342912,-0.793660,0.303401
0.004420,-0.640042,-0.943308,-0.612450,-0.949741
0.004430,-0.766170,0.337272,0.796386,-0.302517
0.004440,0.644674,0.947082,0.611446,0.950200
0.004450,0.770257,-0.341237,-0.792729,0.309355
0.004460,-0.639548,-0.937094,-0.609915,-0.949936
0.004470,-0.769396,0.344993,0.788838,-0.304118
0.004480,0.637662,0.942629,0.616147,0.958270
0.004490,0.767709,-0.345136,-0.788445,0.301399
0.004500,-0.641222,-0.939827,-0.611712,-0.950170
0.004510,-0.769080,0.342995,0.791775,-0.301531
0.004520,0.633748,0.938872,0.610030,0.952941
0.004530,0.768764,-0.334417,-0.792113,0.300961
0.004540,-0.640356,-0.937349,-0.607791,-0.951506
0.004550,-0.768721,0.338761,0.791430,-0.300857
0.004560,0.641627,0.942471,0.607765,0.952365
0.004570,0.766484,-0.342624,-0.795583,0.304056
0.004580,-0.645698,-0.945471,-0.615924,-0.956514
0.004590,-0.765391,0.343270,0.792940,-0.302902
0.004600,0.635235,0.935581,0.609927,0.955435
0.004610,0.767835,-0.339516,-0.788799,0.301870
0.004620,-0.639471,-0.942786,-0.610557,-0.954801
0.004630,-0.767373,0.336963,0.788755,-0.300588
0.004640,0.643563,0.937395,0.616094,0.952967
0.004650,0.774664,-0.344706,-0.797199,0.302978
0.004660,-0.644189,-0.937946,-0.608223,-0.951928
0.004670,-0.763917,0.334966,0.796642,-0.307269
0.004680,0.643850,0.937601,0.610582,0.948552
0.004690,0.761605,-0.338691,-0.795276,0.300055
0.004700,-0.639342,-0.937497,-0.610455,-0.951038
0.004710,-0.767236,0.336526,0.788637,-0.301273
0.004720,0.640118,0.941856,0.604552,0.948982
0.004730,0.764403,-0.335226,-0.793937,0.302672
0.004740,-0.644491,-0.937097,-0.610025,-0.952167
0.004750,-0.769444,0.340717,0.787342,-0.302470
0.004760,0.645513,0.943318,0.611022,0.953301
0.004770,0.771178,-0.342084,-0.787983,0.301160
0.004780,-0.640416,-0.938859,-0.608560,-0.953746
0.004790,-0.764612,0.336540,0.793175,-0.302925
0.004800,0.642513,0.936404,0.606654,0.948195
0.004810,0.764252,-0.341714,-0.788346,0.302453
0.004820,-0.639228,-0.940185,-0.610596,-0.950516
0.004830,-0.765587,0.339469,0.787035,-0.301257
0.004840,0.641557,0.942428,0.611939,0.958397
0.004850,0.771429,-0.341260,-0.790762,0.304317
0.004860,-0.635832,-0.939558,-0.611667,-0.952282
0.004870,-0.770925,0.343410,0.794339,-0.302732
0.004880,0.640616,0.938664,0.603801,0.953360
0.004890,0.767598,-0.339082,-0.793214,0.304117
0.004900,-0.639864,-0.935128,-0.609607,-0.955053
0.004910,-0.775987,0.338664,0.793940,-0.309283
0.004920,0.637489,0.937943,0.612582,0.951544
0.004930,0.770242,-0.341032,-0.789843,0.301928
0.004940,-0.642946,-0.940560,-0.613947,-0.953592
0.004950,-0.766927,0.334475,0.791539,-0.304631
0.004960,0.646821,0.940435,0.603404,0.954814
0.004970,0.771539,-0.342294,-0.790421,0.306951
0.004980,-0.645298,-0.942392,-0.608272,-0.954246
0.004990,-0.769892,0.342727,0.789000,-0.306544
0.005000,0.638727,0.937293,0.612737,0.946298
0.005010,0.768679,-0.341454,-0.790336,0.302458
0.005020,-0.637349,-0.937645,-0.605447,-0.955978
0.005030,-0.767909,0.342770,0.795393,-0.305379
0.005040,0.638624,0.942699,0.613480,0.953360
0.005050,0.769510,-0.342875,-0.791664,0.306463
0.005060,-0.636939,-0.948072,-0.612643,-0.954382
0.005070,-0.768394,0.341351,0.796800,-0.300268
0.005080,0.645135,0.939470,0.610155,0.950990
0.005090,0.769905,-0.340929,-0.795905,0.304762
0.005100,-0.643795,-0.949382,-0.614067,-0.957774
0.005110,-0.769285,0.340795,0.792599,-0.299117
0.005120,0.646909,0.940874,0.609529,0.952275
0.005130,0.763862,-0.335772,-0.786546,0.305671
0.005140,-0.646586,-0.936256,-0.611254,-0.956543
0.005150,-0.768612,0.340630,0.788269,-0.303711
0.005160,0.640024,0.937270,0.611651,0.953153
0.005170,0.773086,-0.342022,-0.788968,0.298362
0.005180,-0.639258,-0.940952,-0.610680,-0.958064
0.005190,-0.766707,0.337674,0.795925,-0.303240
0.005200,0.638384,0.939467,0.609660,0.950025
0.005210,0.772467,-0.339423,-0.791151,0.300009
0.005220,-0.635141,-0.938456,-0.606146,-0.954224
0.005230,-0.767548,0.344810,0.791569,-0.302867
0.005240,0.640390,0.939102,0.604702,0.952261
0.005250,0.767120,-0.342971,-0.794076,0.307308
0.005260,-0.641235,-0.940882,-0.612102,-0.949501
0.005270,-0.768300,0.339408,0.789573,-0.309608
0.005280,0.639933,0.940958,0.608310,0.952112
0.005290,0.773074,-0.341603,-0.797558,0.307370
0.005300,-0.644101,-0.936406,-0.612000,-0.953387
0.005310,-0.769312,0.337844,0.789735,-0.302077
0.005320,0.642252,0.939585,0.612880,0.951096
0.005330,0.761843,-0.340574,-0.793898,0.304776
0.005340,-0.640375,-0.940649,-0.613449,-0.947517
0.005350,-0.769823,0.343519,0.788041,-0.301717
0.005360,0.639920,0.934469,0.607327,0.948627
0.005370,0.758942,-0.338258,-0.791557,0.303986
0.005380,-0.640498,-0.942425,-0.605967,-0.954560
0.005390,-0.771042,0.340661,0.791970,-0.305350
0.005400,0.639492,0.942186,0.615583,0.954722
0.005410,0.768412,-0.339358,-0.793002,0.302484
0.005420,-0.641997,-0.941864,-0.614740,-0.947173
0.005430,-0.768140,0.343914,0.789198,-0.303678
0.005440,0.640386,0.940709,0.612411,0.952945
0.005450,0.764554,-0.337781,-0.789881,0.303031
0.005460,-0.644075,-0.941323,-0.616685,-0.959391
0.005470,-0.769365,0.338724,0.791379,-0.303997
0.005480,0.639094,0.939512,0.603280,0.952576
0.005490,0.767537,-0.341981,-0.796077,0.306665
0.005500,-0.636892,-0.939560,-0.610128,-0.956004
0.005510,-0.772590,0.339925,0.795504,-0.310523
0.005520,0.648152,0.941171,0.617858,0.955259
0.005530,0.767518,-0.339864,-0.789925,0.309248
0.005540,-0.634811,-0.936539,-0.612529,-0.955493
0.005550,-0.767322,0.338133,0.792780,-0.304426
0.005560,0.641551,0.944742,0.606788,0.946894
0.005570,0.771044,-0.343062,-0.792226,0.305618
0.005580,-0.645376,-0.940097,-0.614014,-0.954474
0.005590,-0.766714,0.344676,0.789954,-0.306980
0.005600,0.641893,0.940911,0.609988,0.949036
0.005610,0.765247,-0.338082,-0.795640,0.303435
0.005620,-0.637518,-0.937754,-0.612191,-0.955210
0.005630,-0.766977,0.349385,0.789841,-0.302563
0.005640,0.643480,0.938600,0.609442,0.951620
0.005650,0.771199,-0.337973,-0.795413,0.306549
0.005660,-0.635692,-0.938775,-0.610839,-0.949758
0.005670,-0.765633,0.335445,0.788804,-0.298596
0.005680,0.639811,0.942363,0.607104,0.950762
0.005690,0.770510,-0.345008,-0.792133,0.308545
0.005700,-0.638560,-0.940180,-0.608115,-0.950251
0.005710,-0.770414,0.340610,0.796505,-0.305902
0.005720,0.637057,0.939596,0.612207,0.953248
0.005730,0.768033,-0.340581,-0.793870,0.300467
0.005740,-0.638750,-0.934379,-0.610813,-0.952526
0.005750,-0.770072,0.340815,0.792091,-0.304179
0.005760,0.642579,0.942108,0.606493,0.953103
0.005770,0.770078,-0.342552,-0.791114,0.303552
0.005780,-0.639554,-0.943001,-0.609688,-0.952734
0.005790,-0.764473,0.338228,0.799386,-0.300217
0.005800,0.640184,0.940769,0.612614,0.955563
0.005810,0.768712,-0.336988,-0.787254,0.309901
0.005820,-0.638179,-0.933435,-0.610014,-0.954104
0.005830,-0.771956,0.339420,0.795589,-0.304605
0.005840,0.642468,0.940752,0.611107,0.954916
0.005850,0.765238,-0.342619,-0.790864,0.304481
0.005860,-0.642452,-0.948717,-0.613454,-0.949258
0.005870,-0.768269,0.339609,0.791968,-0.300886
0.005880,0.638949,0.932558,0.616821,0.954628
0.005890,0.766298,-0.345566,-0.789119,0.309068
0.005900,-0.635507,-0.943067,-0.611739,-0.952573
0.005910,-0.768887,0.341286,0.792122,-0.308334
0.005920,0.642033,0.940267,0.609446,0.956370
0.005930,0.766992,-0.338733,-0.795843,0.306218
0.005940,-0.636429,-0.935281,-0.609709,-0.954097
0.005950,-0.764746,0.348148,0.795875,-0.310008
0.005960,0.639378,0.940582,0.610572,0.950214
0.005970,0.763315,-0.339215,-0.789734,0.305675
0.005980,-0.638522,-0.938537,-0.612775,-0.955980
0.005990,-0.764720,0.346373,0.789664,-0.300258
0.006000,0.640591,0.938868,0.610829,0.954862
0.006010,0.766747,-0.340641,-0.786711,0.305903
0.006020,-0.640302,-0.940869,-0.612597,-0.956354
0.006030,-0.771082,0.341635,0.788345,-0.299730
0.006040,0.644816,0.943709,0.611407,0.952170
0.006050,0.767695,-0.341137,-0.794765,0.304070
0.006060,-0.636672,-0.939070,-0.606350,-0.948132
0.006070,-0.766524,0.336765,0.795428,-0.297408
0.006080,0.642736,0.938302,0.608737,0.954450
0.006090,0.769499,-0.342053,-0.786709,0.307060
0.006100,-0.636474,-0.939664,-0.609934,-0.950713
0.006110,-0.763140,0.337857,0.792409,-0.309057
0.006120,0.641119,0.948169,0.613692,0.949937
0.006130,0.766043,-0.339814,-0.790267,0.303674
0.006140,-0.640903,-0.935212,-0.611997,-0.953566
0.006150,-0.765023,0.342208,0.787219,-0.303055
0.006160,0.643131,0.938851,0.615879,0.955660
0.006170,0.774599,-0.342484,-0.792331,0.308575
0.006180,-0.643465,-0.941923,-0.608927,-0.955106
0.006190,-0.771005,0.343388,0.792817,-0.300773
0.006200,0.641355,0.938798,0.611984,0.956236
0.006210,0.760242,-0.341665,-0.793449,0.309903
0.006220,-0.641522,-0.940079,-0.611416,-0.949221
0.006230,-0.766027,0.336251,0.790394,-0.304700
0.006240,0.642440,0.941515,0.614033,0.949967
0.006250,0.767892,-0.338122,-0.790269,0.299685
0.006260,-0.642795,-0.940005,-0.609413,-0.952161
0.006270,-0.760930,0.343143,0.792214,-0.303938
0.006280,0.640928,0.939301,0.610716,0.950793
0.006290,0.768539,-0.341493,-0.793038,0.299879
0.006300,-0.639561,-0.941625,-0.610322,-0.958193
0.006310,-0.767828,0.338051,0.791011,-0.303649
0.006320,0.643881,0.940623,0.614397,0.944787
0.006330,0.774329,-0.336147,-0.791975,0.298816
0.006340,-0.640144,-0.942544,-0.615658,-0.954218
0.006350,-0.772087,0.342913,0.790329,-0.297738
0.006360,0.642565,0.938183,0.613020,0.950989
0.006370,0.767679,-0.337197,-0.792249,0.304213
0.006380,-0.638626,-0.940362,-0.610637,-0.954332
0.006390,-0.766395,0.334310,0.791078,-0.303700
0.006400,0.643140,0.940419,0.613909,0.952684
0.006410,0.765537,-0.341650,-0.788708,0.306477
0.006420,-0.642797,-0.938920,-0.604660,-0.949203
0.006430,-0.772951,0.336781,0.793772,-0.305262
0.006440,0.643431,0.936825,0.612440,0.958520
0.006450,0.767795,-0.338818,-0.789125,0.298241
0.006460,-0.642610,-0.934761,-0.609048,-0.955142
0.006470,-0.768933,0.337766,0.788652,-0.303412
0.006480,0.642349,0.941368,0.609793,0.952489
0.006490,0.767532,-0.340514,-0.792826,0.306732
0.006500,-0.644036,-0.940541,-0.609344,-0.953053
0.006510,-0.775014,0.344641,0.789908,-0.303768
0.006520,0.641409,0.937780,0.610208,0.949675
0.006530,0.760255,-0.346331,-0.790628,0.301575
0.006540,-0.639682,-0.943126,-0.612688,-0.949530
0.006550,-0.766423,0.337677,0.792607,-0.298185
0.006560,0.638205,0.945182,0.611359,0.956325
0.006570,0.768814,-0.335833,-0.797650,0.304030
0.006580,-0.642750,-0.938859,-0.612974,-0.951376
0.006590,-0.771951,0.343860,0.795394,-0.305066
0.006600,0.643516,0.937158,0.614314,0.952605
0.006610,0.762417,-0.346742,-0.790256,0.307538
0.006620,-0.643095,-0.942010,-0.609404,-0.952366
0.006630,-0.772901,0.345595,0.786133,-0.304705
0.006640,0.634940,0.932785,0.606353,0.953228
0.006650,0.771690,-0.344423,-0.795243,0.307015
0.006660,-0.641961,-0.942551,-0.612522,-0.951118
0.006670,-0.766768,0.344793,0.792313,-0.298894
0.006680,0.638418,0.939830,0.610330,0.950653
0.006690,0.768257,-0.340260,-0.791838,0.304370
0.006700,-0.642867,-0.945570,-0.613600,-0.946541
0.006710,-0.770539,0.340228,0.797536,-0.306761
0.006720,0.641285,0.943955,0.609924,0.952377
0.006730,0.771041,-0.336416,-0.790546,0.304225
0.006740,-0.643565,-0.940805,-0.609758,-0.951907
0.006750,-0.772902,0.338459,0.789575,-0.308124
0.006760,0.640477,0.943933,0.612343,0.952057
0.006770,0.767581,-0.342214,-0.787861,0.303758
0.006780,-0.646194,-0.945979,-0.611178,-0.954247
0.006790,-0.767239,0.343508,0.790442,-0.309693
0.006800,0.642686,0.941919,0.613737,0.955155
0.006810,0.768912,-0.341037,-0.791971,0.303742
0.006820,-0.639080,-0.942210,-0.608733,-0.952672
0.006830,-0.762851,0.338367,0.790390,-0.307921
0.006840,0.645918,0.940980,0.606837,0.952838
0.006850,0.769538,-0.336134,-0.792471,0.301975
0.006860,-0.639512,-0.938882,-0.608725,-0.951791
0.006870,-0.767249,0.341860,0.794984,-0.303549
0.006880,0.637688,0.945081,0.609244,0.950952
0.006890,0.763727,-0.341912,-0.790558,0.307227
0.006900,-0.638721,-0.941619,-0.613950,-0.950945
0.006910,-0.768338,0.338850,0.793911,-0.303268
0.006920,0.640497,0.942267,0.606400,0.953528
0.006930,0.769813,-0.342686,-0.792711,0.301996
0.006940,-0.643406,-0.937616,-0.605203,-0.952253
0.006950,-0.765925,0.340734,0.793071,-0.305048
0.006960,0.639596,0.948530,0.607538,0.956781
0.006970,0.763597,-0.341907,-0.788457,0.304721
0.006980,-0.640687,-0.935351,-0.613999,-0.952439
0.006990,-0.769836,0.347458,0.791064,-0.296944
0.007000,0.638196,0.938385,0.613660,0.952948
0.007010,0.766844,-0.343241,-0.792407,0.303025
0.007020,-0.639895,-0.942265,-0.611189,-0.952675
0.007030,-0.766640,0.345545,0.792513,-0.304307
0.007040,0.640235,0.939089,0.615019,0.953436
0.007050,0.765902,-0.333015,-0.795133,0.299554
0.007060,-0.640433,-0.935938,-0.610694,-0.955730
0.007070,-0.771315,0.338183,0.796856,-0.299187
0.007080,0.640081,0.943429,0.611073,0.951209
0.007090,0.768332,-0.340623,-0.786036,0.304021
0.007100,-0.642984,-0.946713,-0.609227,-0.948499
0.007110,-0.770276,0.335202,0.791339,-0.301747
0.007120,0.643102,0.939832,0.611929,0.951885
0.007130,0.772278,-0.342540,-0.793679,0.304104
0.007140,-0.647912,-0.938362,-0.606967,-0.950874
0.007150,-0.764527,0.339915,0.789149,-0.306297
0.007160,0.638927,0.936430,0.610692,0.951879
0.007170,0.768906,-0.342620,-0.794168,0.298327
0.007180,-0.638928,-0.943676,-0.605757,-0.951790
0.007190,-0.763911,0.344599,0.795755,-0.304489
0.007200,0.638136,0.939843,0.609673,0.955992
0.007210,0.766107,-0.341900,-0.796581,0.301387
0.007220,-0.633138,-0.935738,-0.611037,-0.950921
0.007230,-0.766163,0.340757,0.789210,-0.304402
0.007240,0.636253,0.938740,0.612030,0.956203
0.007250,0.764769,-0.337542,-0.787459,0.300897
0.007260,-0.643560,-0.942733,-0.617447,-0.951232
0.007270,-0.767324,0.342148,0.793287,-0.302508
0.007280,0.639059,0.937771,0.606236,0.952031
0.007290,0.764083,-0.348381,-0.798177,0.298096
0.007300,-0.641437,-0.942080,-0.614217,-0.950659
0.007310,-0.768875,0.340343,0.787364,-0.304315
0.007320,0.639819,0.943063,0.608164,0.951511
0.007330,0.773123,-0.341592,-0.790733,0.301793
0.007340,-0.642149,-0.942174,-0.611143,-0.952251
0.007350,-0.768730,0.340332,0.792943,-0.301024
0.007360,0.641502,0.938875,0.605218,0.951376
0.007370,0.765716,-0.341569,-0.793860,0.299418
0.007380,-0.635957,-0.943869,-0.607135,-0.958544
0.007390,-0.764962,0.339670,0.792674,-0.298797
0.007400,0.640183,0.944572,0.609922,0.952233
0.007410,0.769377,-0.339784,-0.793128,0.300185
0.007420,-0.644861,-0.940345,-0.608867,-0.944927
0.007430,-0.766353,0.338502,0.792457,-0.299499
0.007440,0.641145,0.938600,0.611004,0.950003
0.007450,0.771515,-0.340636,-0.795530,0.307354
0.007460,-0.638052,-0.946131,-0.609836,-0.948277
0.007470,-0.769745,0.347223,0.798528,-0.306057
0.007480,0.643110,0.940100,0.607238,0.950903
0.007490,0.772947,-0.344104,-0.790812,0.302016
0.007500,-0.639591,-0.940081,-0.610747,-0.951812
0.007510,-0.766806,0.342028,0.796691,-0.304281
0.007520,0.642810,0.939380,0.611596,0.957525
0.007530,0.761926,-0.345983,-0.794767,0.305597
0.007540,-0.639639,-0.936761,-0.614309,-0.952535
0.007550,-0.772556,0.337543,0.795677,-0.301702
0.007560,0.638957,0.941465,0.606614,0.952646
0.007570,0.761530,-0.341003,-0.793536,0.298952
0.007580,-0.637920,-0.940623,-0.611489,-0.954012
0.007590,-0.772527,0.336339,0.793967,-0.295341
0.007600,0.638828,0.933730,0.611484,0.948095
0.007610,0.765517,-0.338947,-0.795437,0.303773
0.007620,-0.645363,-0.939132,-0.609801,-0.953634
0.007630,-0.767144,0.345430,0.795781,-0.304147
0.007640,0.645892,0.944490,0.602619,0.952894
0.007650,0.771009,-0.335274,-0.791655,0.300875
0.007660,-0.641439,-0.935522,-0.615667,-0.953896
0.007670,-0.768258,0.335038,0.795112,-0.298949
0.007680,0.637721,0.938000,0.609385,0.956062
0.007690,0.770054,-0.343082,-0.792951,0.304722
0.007700,-0.638420,-0.934059,-0.611216,-0.955831
0.007710,-0.772514,0.340767,0.789153,-0.306186
0.007720,0.638880,0.941343,0.611881,0.957206
0.007730,0.765195,-0.334978,-0.791484,0.309951
0.007740,-0.637021,-0.944135,-0.605078,-0.955382
0.007750,-0.767610,0.342411,0.790759,-0.299861
0.007760,0.639802,0.935269,0.609752,0.953177
0.007770,0.764892,-0.342949,-0.794234,0.301227
0.007780,-0.639422,-0.940113,-0.610310,-0.955954
0.007790,-0.768562,0.339662,0.794342,-0.302378
0.007800,0.645049,0.938173,0.606958,0.956686
0.007810,0.762515,-0.336217,-0.790721,0.304622
0.007820,-0.643057,-0.935500,-0.608931,-0.950648
0.007830,-0.766839,0.337225,0.791618,-0.305539
0.007840,0.639755,0.942196,0.606472,0.953852
0.007850,0.765120,-0.338096,-0.794501,0.310347
0.007860,-0.643087,-0.934902,-0.604451,-0.956936
0.007870,-0.768622,0.340729,0.796129,-0.304769
0.007880,0.637298,0.940265,0.609677,0.951729
0.007890,0.766396,-0.338247,-0.796710,0.301582
0.007900,-0.636835,-0.936513,-0.610367,-0.952485
0.007910,-0.765802,0.346635,0.798549,-0.299144
0.007920,0.642066,0.942212,0.608459,0.950139
0.007930,0.766637,-0.335366,-0.795425,0.303018
0.007940,-0.640569,-0.940816,-0.611869,-0.949391
0.007950,-0.769885,0.341750,0.796449,-0.307253
0.007960,0.639024,0.939424,0.609007,0.952994
0.007970,0.762667,-0.338411,-0.792739,0.304331
0.007980,-0.635910,-0.941543,-0.611645,-0.953963
0.007990,-0.770537,0.338305,0.791494,-0.309298
0.008000,0.637522,0.934685,0.603605,0.953878
0.008010,0.772340,-0.341391,-0.796151,0.302560
0.008020,-0.638344,-0.941674,-0.609133,-0.951083
0.008030,-0.768045,0.339010,0.793544,-0.303207
0.008040,0.639583,0.938958,0.607502,0.958087
0.008050,0.767421,-0.336997,-0.792562,0.303581
0.008060,-0.636941,-0.941576,-0.613615,-0.952113
0.008070,-0.765042,0.339552,0.793914,-0.299332
0.008080,0.645647,0.933512,0.610187,0.957216
0.008090,0.775898,-0.341637,-0.792142,0.311212
0.008100,-0.635496,-0.943462,-0.608773,-0.950661
0.008110,-0.767229,0.337377,0.792117,-0.304849
0.008120,0.641892,0.940150,0.612258,0.956449
0.008130,0.768542,-0.340330,-0.794427,0.307396
0.008140,-0.643395,-0.941089,-0.611819,-0.948084
0.008150,-0.767210,0.341078,0.796969,-0.302626
0.008160,0.638618,0.938629,0.609324,0.953718
0.008170,0.768857,-0.338374,-0.790322,0.299828
0.008180,-0.639745,-0.937727,-0.605966,-0.952197
0.008190,-0.766544,0.338294,0.790286,-0.300833
0.008200,0.640987,0.945674,0.612419,0.959091
0.008210,0.770583,-0.337404,-0.788646,0.308491
0.008220,-0.644126,-0.945108,-0.614341,-0.952072
0.008230,-0.764840,0.335968,0.789874,-0.307572
0.008240,0.640266,0.935336,0.608216,0.954171
0.008250,0.765837,-0.338560,-0.791856,0.302321
0.008260,-0.643616,-0.943835,-0.613790,-0.951575
0.008270,-0.769705,0.341734,0.788050,-0.299974
0.008280,0.640110,0.941963,0.612404,0.956385
0.008290,0.766411,-0.338537,-0.793080,0.305670
0.008300,-0.643312,-0.938478,-0.613524,-0.953913
0.008310,-0.763579,0.343543,0.793178,-0.300393
0.008320,0.639559,0.942847,0.610626,0.953731
0.008330,0.767402,-0.341608,-0.788677,0.298350
0.008340,-0.638888,-0.940616,-0.611540,-0.952598
0.008350,-0.770379,0.339522,0.784001,-0.306544
0.008360,0.636871,0.941645,0.607069,0.951423
0.008370,0.771638,-0.343271,-0.792995,0.296286
0.008380,-0.645266,-0.942996,-0.616114,-0.949856
0.008390,-0.767989,0.342554,0.790537,-0.300611
0.008400,0.636658,0.937013,0.603621,0.948923
0.008410,0.769021,-0.338245,-0.792280,0.300498
0.008420,-0.645392,-0.940446,-0.611787,-0.951986
0.008430,-0.763162,0.346411,0.793558,-0.303525
0.008440,0.636532,0.933132,0.607137,0.946598
0.008450,0.771340,-0.344790,-0.795244,0.304572
0.008460,-0.646097,-0.937934,-0.610417,-0.953341
0.008470,-0.768574,0.338105,0.786059,-0.303529
0.008480,0.639804,0.935374,0.610273,0.955737
0.008490,0.768903,-0.343814,-0.794766,0.302616
0.008500,-0.634887,-0.945356,-0.608915,-0.952374
0.008510,-0.771430,0.335147,0.794902,-0.307379
0.008520,0.638393,0.943091,0.607472,0.957337
0.008530,0.769857,-0.339806,-0.794516,0.305279
0.008540,-0.638689,-0.944827,-0.605958,-0.955478
0.008550,-0.769228,0.337986,0.793377,-0.300038
0.008560,0.642818,0.943767,0.611867,0.960217
0.008570,0.767453,-0.339052,-0.794883,0.301197
0.008580,-0.637191,-0.938988,-0.611784,-0.955381
0.008590,-0.768185,0.343622,0.791440,-0.306983
0.008600,0.638332,0.942868,0.609390,0.954900
0.008610,0.771630,-0.346094,-0.795441,0.304013
0.008620,-0.637082,-0.944052,-0.607274,-0.956984
0.008630,-0.765157,0.340828,0.794138,-0.309353
0.008640,0.637290,0.938949,0.609132,0.952087
0.008650,0.762451,-0.339619,-0.794322,0.304873
0.008660,-0.635496,-0.941989,-0.610375,-0.954078
0.008670,-0.768560,0.339177,0.785362,-0.306205
0.008680,0.641065,0.938779,0.613087,0.950778
0.008690,0.766863,-0.338283,-0.793288,0.298466
0.008700,-0.646931,-0.937359,-0.608217,-0.953792
0.008710,-0.769303,0.343542,0.788852,-0.310476
0.008720,0.639638,0.940735,0.609378,0.959035
0.008730,0.768072,-0.340187,-0.793847,0.309031
0.008740,-0.642079,-0.941157,-0.608853,-0.952886
0.008750,-0.770619,0.340246,0.797092,-0.303746
0.008760,0.639923,0.943305,0.607698,0.955165
0.008770,0.771134,-0.337661,-0.793529,0.304621
0.008780,-0.641059,-0.943005,-0.607299,-0.950654
0.008790,-0.764775,0.340541,0.792758,-0.301998
0.008800,0.641006,0.936967,0.613490,0.957521
0.008810,0.762427,-0.337688,-0.795775,0.303098
0.008820,-0.637256,-0.941522,-0.613182,-0.952605
0.008830,-0.765337,0.338294,0.790411,-0.306494
0.008840,0.636695,0.936033,0.612229,0.957454
0.008850,0.771282,-0.340517,-0.790336,0.301796
0.008860,-0.639590,-0.942402,-0.607609,-0.951911
0.008870,-0.769535,0.341649,0.792896,-0.304729
0.008880,0.631598,0.938030,0.608406,0.956377
0.008890,0.770911,-0.337328,-0.793377,0.304445
0.008900,-0.639448,-0.941244,-0.605984,-0.953894
0.008910,-0.766256,0.341596,0.793272,-0.299060
0.008920,0.636670,0.938335,0.606594,0.956729
0.008930,0.767341,-0.345382,-0.797351,0.304930
0.008940,-0.639272,-0.940840,-0.611070,-0.946470
0.008950,-0.768327,0.342652,0.790008,-0.302100
0.008960,0.642274,0.942579,0.609682,0.956284
0.008970,0.770029,-0.345233,-0.793293,0.303206
0.008980,-0.640313,-0.939382,-0.611677,-0.953570
0.008990,-0.764344,0.337973,0.795120,-0.299534
0.009000,0.639556,0.937270,0.606773,0.954740
0.009010,0.769059,-0.343102,-0.789093,0.301519
0.009020,-0.635968,-0.940616,-0.605728,-0.955767
0.009030,-0.764884,0.343475,0.796599,-0.304351
0.009040,0.641805,0.942719,0.614742,0.950459
0.009050,0.764378,-0.342241,-0.798356,0.300782
0.009060,-0.642406,-0.939284,-0.607129,-0.952678
0.009070,-0.769969,0.334232,0.793986,-0.305006
0.009080,0.644267,0.940243,0.615597,0.957016
0.009090,0.763798,-0.342507,-0.794577,0.305993
0.009100,-0.645639,-0.941478,-0.612987,-0.953878
0.009110,-0.773454,0.340844,0.794843,-0.305418
0.009120,0.638252,0.936492,0.611734,0.954028
0.009130,0.771100,-0.336438,-0.793485,0.303404
0.009140,-0.644025,-0.938638,-0.612393,-0.953246
0.009150,-0.770716,0.337604,0.795460,-0.302781
0.009160,0.640240,0.945446,0.605225,0.954697
0.009170,0.770092,-0.345219,-0.799124,0.305664
0.009180,-0.642500,-0.938981,-0.607996,-0.960382
0.009190,-0.761717,0.343011,0.790059,-0.305799
0.009200,0.638620,0.940344,0.610308,0.955471
0.009210,0.766780,-0.341662,-0.795969,0.301818
0.009220,-0.636030,-0.939928,-0.608779,-0.953211
0.009230,-0.764360,0.338960,0.790938,-0.302873
0.009240,0.643445,0.940856,0.607095,0.953100
0.009250,0.764151,-0.345060,-0.791307,0.303659
0.009260,-0.640460,-0.941649,-0.610104,-0.952960
0.009270,-0.769280,0.342917,0.785969,-0.304301
0.009280,0.639983,0.939179,0.610348,0.957505
0.009290,0.769949,-0.348813,-0.787114,0.306044
0.009300,-0.643945,-0.939503,-0.612835,-0.954719
0.009310,-0.770001,0.340034,0.786698,-0.304545
0.009320,0.643381,0.936805,0.608183,0.949781
0.009330,0.765298,-0.343964,-0.791512,0.312242
0.009340,-0.640876,-0.940208,-0.611639,-0.961508
0.009350,-0.764526,0.340681,0.790790,-0.305619
0.009360,0.637244,0.940786,0.611378,0.956199
0.009370,0.770661,-0.339422,-0.789576,0.302731
0.009380,-0.645440,-0.944730,-0.608280,-0.952886
0.009390,-0.766461,0.339396,0.793565,-0.299766
0.009400,0.634785,0.939638,0.609635,0.954200
0.009410,0.767572,-0.347081,-0.789869,0.306326
0.009420,-0.640874,-0.936753,-0.611043,-0.954662
0.009430,-0.766165,0.338201,0.794152,-0.301127
0.009440,0.636534,0.943420,0.607840,0.954501
0.009450,0.765215,-0.342834,-0.792476,0.300669
0.009460,-0.641224,-0.941436,-0.607961,-0.952127
0.009470,-0.767181,0.336881,0.792270,-0.305275
0.009480,0.640959,0.935143,0.608775,0.955874
0.009490,0.771235,-0.335968,-0.792681,0.307939
0.009500,-0.647555,-0.939689,-0.607702,-0.952360
0.009510,-0.766424,0.336469,0.792294,-0.299969
0.009520,0.642371,0.941013,0.607374,0.956059
0.009530,0.772878,-0.343018,-0.790706,0.304509
0.009540,-0.642561,-0.942220,-0.609424,-0.949378
0.009550,-0.766100,0.336918,0.800099,-0.300580
0.009560,0.644032,0.938402,0.611836,0.945796
0.009570,0.771414,-0.335393,-0.793142,0.305250
0.009580,-0.639022,-0.936543,-0.608726,-0.950648
0.009590,-0.764860,0.342060,0.792477,-0.306996
0.009600,0.638640,0.936373,0.611385,0.948380
0.009610,0.763569,-0.334961,-0.789447,0.299224
0.009620,-0.638347,-0.943931,-0.610094,-0.957294
0.009630,-0.764646,0.338721,0.793782,-0.308840
0.009640,0.641982,0.937746,0.608923,0.953035
0.009650,0.769964,-0.338733,-0.796312,0.308206
0.009660,-0.641089,-0.937890,-0.608190,-0.950677
0.009670,-0.770678,0.339482,0.788979,-0.304041
0.009680,0.642986,0.942531,0.615017,0.950821
0.009690,0.769342,-0.337050,-0.791469,0.299628
0.009700,-0.641817,-0.940821,-0.614082,-0.954884
0.009710,-0.767749,0.340361,0.798514,-0.301336
0.009720,0.643216,0.939525,0.609844,0.951616
0.009730,0.771239,-0.343387,-0.793089,0.304752
0.009740,-0.633935,-0.941309,-0.614011,-0.948292
0.009750,-0.769092,0.335789,0.788294,-0.303047
0.009760,0.650605,0.937908,0.611383,0.957458
0.009770,0.768108,-0.341127,-0.795041,0.302763
0.009780,-0.640586,-0.941403,-0.609238,-0.951636
0.009790,-0.770298,0.341190,0.789577,-0.304947
0.009800,0.640227,0.942624,0.609908,0.951973
0.009810,0.764444,-0.336079,-0.791208,0.301789
0.009820,-0.639317,-0.943097,-0.611650,-0.949443
0.009830,-0.766971,0.342620,0.789610,-0.306849
0.009840,0.642092,0.937203,0.604206,0.949046
0.009850,0.764355,-0.340640,-0.789355,0.304812
0.009860,-0.638974,-0.934057,-0.609922,-0.945840
0.009870,-0.771185,0.342844,0.793850,-0.302879
0.009880,0.641784,0.935992,0.613532,0.952253
0.009890,0.765474,-0.340742,-0.785599,0.299840
0.009900,-0.643527,-0.943973,-0.614062,-0.948827
0.009910,-0.767737,0.339796,0.791997,-0.302040
0.009920,0.639688,0.934477,0.611781,0.949523
0.009930,0.771752,-0.339983,-0.788684,0.302343
0.009940,-0.636175,-0.939403,-0.614284,-0.948718
0.009950,-0.766683,0.340685,0.788498,-0.302718
0.009960,0.643779,0.940191,0.611955,0.951644
0.009970,0.764325,-0.341872,-0.795049,0.307429
0.009980,-0.635693,-0.940863,-0.613814,-0.952263
0.009990,-0.767094,0.335014,0.782693,-0.303282
0.010000,0.644811,0.942249,0.608421,0.953393
0.010010,0.770207,-0.342171,-0.793056,0.301301
0.010020,-0.644149,-0.937010,-0.608005,-0.954636
0.010030,-0.767896,0.344874,0.794599,-0.304694
0.010040,0.644553,0.941598,0.609062,0.954061
0.010050,0.773990,-0.343699,-0.792553,0.301034
0.010060,-0.639382,-0.938647,-0.608842,-0.952329
0.010070,-0.769911,0.339532,0.796819,-0.304580
0.010080,0.642380,0.940374,0.615809,0.951466
0.010090,0.761779,-0.337449,-0.790570,0.301584
0.010100,-0.644453,-0.939503,-0.612675,-0.953793
0.010110,-0.768077,0.339985,0.792088,-0.302948
0.010120,0.640420,0.943130,0.608069,0.952369
0.010130,0.767119,-0.337474,-0.787979,0.299170
0.010140,-0.640630,-0.935431,-0.608075,-0.956785
0.010150,-0.771858,0.342168,0.791826,-0.299400
0.010160,0.637018,0.944774,0.603461,0.952584
0.010170,0.771664,-0.348852,-0.793824,0.306654
0.010180,-0.645081,-0.945222,-0.609354,-0.949348
0.010190,-0.770007,0.338491,0.789799,-0.301556
0.010200,0.639904,0.943872,0.607237,0.952671
0.010210,0.766470,-0.340569,-0.797165,0.301507
0.010220,-0.644274,-0.937850,-0.609684,-0.953265
0.010230,-0.773986,0.337273,0.793237,-0.305725
0.010240,0.640496,0.939027,0.602806,0.955149
0.010250,0.771649,-0.337342,-0.791055,0.305089
0.010260,-0.642362,-0.935610,-0.605519,-0.954863
0.010270,-0.765447,0.336661,0.792811,-0.301739
0.010280,0.641446,0.941829,0.614588,0.958269
0.010290,0.765022,-0.341008,-0.794810,0.300037
0.010300,-0.640590,-0.939606,-0.608981,-0.953461
0.010310,-0.765298,0.339708,0.790355,-0.303144
0.010320,0.638766,0.939517,0.607699,0.955395
0.010330,0.767526,-0.340208,-0.791058,0.306137
0.010340,-0.639929,-0.935873,-0.607000,-0.951929
0.010350,-0.767378,0.342469,0.789795,-0.303595
0.010360,0.641564,0.939906,0.615350,0.953487
0.010370,0.764680,-0.336208,-0.790114,0.301983
0.010380,-0.638618,-0.938588,-0.607508,-0.952351
0.010390,-0.765731,0.337904,0.793878,-0.304080
0.010400,0.638053,0.939989,0.609016,0.954701
0.010410,0.767880,-0.340196,-0.792747,0.305664
0.010420,-0.638639,-0.943512,-0.613214,-0.951355
0.010430,-0.767136,0.337347,0.793762,-0.303475
0.010440,0.638014,0.941339,0.610881,0.951787
0.010450,0.768376,-0.344513,-0.787894,0.305703
0.010460,-0.638693,-0.939621,-0.608700,-0.954807
0.010470,-0.768926,0.335244,0.791184,-0.302472
0.010480,0.639288,0.941758,0.608457,0.952344
0.010490,0.767974,-0.344776,-0.792622,0.305365
0.010500,-0.641419,-0.944745,-0.609000,-0.954286
0.010510,-0.769485,0.343553,0.791986,-0.300946
0.010520,0.638289,0.936776,0.609630,0.953343
0.010530,0.768856,-0.346009,-0.790248,0.307457
0.010540,-0.642708,-0.939111,-0.613435,-0.951754
0.010550,-0.764503,0.341186,0.792339,-0.305096
0.010560,0.640334,0.946693,0.609811,0.952393
0.010570,0.772058,-0.340659,-0.791014,0.301474
0.010580,-0.638864,-0.937968,-0.608584,-0.953707
0.010590,-0.770359,0.341016,0.790149,-0.305471
0.010600,0.644738,0.938110,0.608850,0.951830
0.010610,0.764430,-0.343809,-0.792887,0.300420
0.010620,-0.639724,-0.940804,-0.605257,-0.949396
0.010630,-0.772886,0.337838,0.790598,-0.307820
0.010640,0.646317,0.939845,0.612568,0.955087
0.010650,0.768883,-0.340845,-0.792658,0.303760
0.010660,-0.640027,-0.940633,-0.610506,-0.956775
0.010670,-0.765881,0.342554,0.792057,-0.300737
0.010680,0.638538,0.941105,0.604296,0.950640
0.010690,0.767114,-0.340400,-0.790140,0.306581
0.010700,-0.645478,-0.941061,-0.610060,-0.950672
0.010710,-0.774661,0.345349,0.783536,-0.303440
0.010720,0.637248,0.937241,0.612977,0.949496
0.010730,0.766321,-0.342598,-0.792317,0.302086
0.010740,-0.640320,-0.937986,-0.609646,-0.950950
0.010750,-0.769948,0.345086,0.792698,-0.304856
0.010760,0.640804,0.942473,0.610451,0.950235
0.010770,0.770592,-0.345176,-0.792444,0.306090
0.010780,-0.639720,-0.943145,-0.611492,-0.951696
0.010790,-0.772577,0.343596,0.794023,-0.304740
0.010800,0.641154,0.944400,0.608507,0.952232
0.010810,0.771598,-0.338907,-0.797252,0.301639
0.010820,-0.638743,-0.934407,-0.612233,-0.954330
0.010830,-0.764591,0.343492,0.790065,-0.304979
0.010840,0.636655,0.938896,0.606458,0.956252
0.010850,0.767245,-0.339439,-0.787775,0.303335
0.010860,-0.639851,-0.941317,-0.612773,-0.952108
0.010870,-0.772004,0.345030,0.786089,-0.307979
0.010880,0.639396,0.939484,0.614275,0.957538
0.010890,0.770036,-0.339675,-0.792222,0.301898
0.010900,-0.636058,-0.943486,-0.615084,-0.950087
0.010910,-0.767981,0.338475,0.797165,-0.301769
0.010920,0.641371,0.938566,0.609740,0.952031
0.010930,0.768128,-0.345128,-0.796968,0.305838
0.010940,-0.640731,-0.937490,-0.614945,-0.953762
0.010950,-0.766892,0.338904,0.791469,-0.304097
0.010960,0.639585,0.936156,0.609804,0.951913
0.010970,0.768220,-0.343001,-0.786252,0.304773
0.010980,-0.639315,-0.940422,-0.612700,-0.951885
0.010990,-0.768613,0.334857,0.792243,-0.305763
0.011000,0.639094,0.946010,0.612347,0.953296
0.011010,0.770407,-0.344055,-0.793437,0.306283
0.011020,-0.641480,-0.940284,-0.607147,-0.950166
0.011030,-0.766931,0.341255,0.786338,-0.300694
0.011040,0.639729,0.937334,0.610805,0.955590
0.011050,0.766618,-0.342198,-0.791569,0.303700
0.011060,-0.640390,-0.940255,-0.608162,-0.957427
0.011070,-0.770453,0.341693,0.793476,-0.300912
0.011080,0.636225,0.943297,0.614200,0.946267
0.011090,0.768663,-0.339019,-0.793636,0.303629
0.011100,-0.639399,-0.937949,-0.612707,-0.947977
0.011110,-0.770258,0.338659,0.793489,-0.306939
0.011120,0.642480,0.940626,0.613277,0.952410
0.011130,0.770973,-0.341834,-0.794467,0.296260
0.011140,-0.639517,-0.941412,-0.612386,-0.949765
0.011150,-0.771284,0.338967,0.790624,-0.306450
0.011160,0.640911,0.938447,0.612994,0.950246
0.011170,0.764028,-0.342684,-0.792733,0.299840
0.011180,-0.638773,-0.942661,-0.609350,-0.952069
0.011190,-0.771861,0.340907,0.798087,-0.305496
0.011200,0.641670,0.941525,0.610834,0.952181
0.011210,0.766555,-0.341236,-0.793063,0.305716
0.011220,-0.646437,-0.937809,-0.612433,-0.950359
0.011230,-0.765327,0.338039,0.791081,-0.302652
0.011240,0.642968,0.942741,0.610335,0.956114
0.011250,0.769253,-0.342793,-0.798097,0.304164
0.011260,-0.640073,-0.942076,-0.610848,-0.948233
0.011270,-0.769077,0.341954,0.798434,-0.303623
0.011280,0.640051,0.942082,0.609526,0.951309
0.011290,0.764694,-0.342292,-0.789812,0.302170
0.011300,-0.641630,-0.939249,-0.613140,-0.949615
0.011310,-0.767999,0.334981,0.793105,-0.304078
0.011320,0.640046,0.935522,0.615103,0.952703
0.011330,0.762988,-0.344018,-0.791276,0.307498
0.011340,-0.643027,-0.938559,-0.609195,-0.949455
0.011350,-0.762943,0.340795,0.797012,-0.302843
0.011360,0.645766,0.941590,0.611395,0.948615
0.011370,0.771101,-0.341022,-0.793646,0.297426
0.011380,-0.638438,-0.943044,-0.605614,-0.957170
0.011390,-0.766308,0.342092,0.789163,-0.303768
0.011400,0.643753,0.935441,0.607667,0.946601
0.011410,0.771769,-0.340555,-0.795789,0.306655
0.011420,-0.647474,-0.934172,-0.608434,-0.956232
0.011430,-0.769713,0.340329,0.795857,-0.301628
0.011440,0.643918,0.945323,0.608541,0.955365
0.011450,0.765135,-0.338884,-0.788737,0.299948
0.011460,-0.643256,-0.941786,-0.605851,-0.948943
0.011470,-0.761733,0.339557,0.789117,-0.302580
0.011480,0.640698,0.944447,0.614133,0.953660
0.011490,0.764247,-0.339743,-0.794234,0.305412
0.011500,-0.644090,-0.942507,-0.608419,-0.954452
0.011510,-0.764275,0.343474,0.792508,-0.300916
0.011520,0.642324,0.946753,0.613791,0.956557
0.011530,0.769117,-0.337035,-0.793070,0.301728
0.011540,-0.639958,-0.942827,-0.608259,-0.949536
0.011550,-0.766764,0.342800,0.792308,-0.301742
0.011560,0.637009,0.938483,0.607000,0.951302
0.011570,0.767273,-0.345506,-0.798770,0.301434
0.011580,-0.640828,-0.943069,-0.615008,-0.951901
0.011590,-0.767049,0.342220,0.788669,-0.305629
0.011600,0.646239,0.940670,0.608628,0.947412
0.011610,0.768700,-0.343413,-0.794010,0.302753
0.011620,-0.642583,-0.942960,-0.609941,-0.952852
0.011630,-0.760558,0.336557,0.792598,-0.302538
0.011640,0.636957,0.939763,0.611107,0.955427
0.011650,0.766698,-0.337763,-0.795625,0.307819
0.011660,-0.636104,-0.940638,-0.612407,-0.949359
0.011670,-0.770128,0.341623,0.789001,-0.303183
0.011680,0.641289,0.943739,0.601332,0.948877
0.011690,0.766328,-0.340811,-0.791161,0.298495
0.011700,-0.638827,-0.934995,-0.608547,-0.955313
0.011710,-0.767203,0.338303,0.788505,-0.304557
0.011720,0.639254,0.948585,0.608429,0.948266
0.011730,0.767776,-0.341079,-0.796761,0.303444
0.011740,-0.639859,-0.935743,-0.614485,-0.955235
0.011750,-0.767430,0.344850,0.792930,-0.305951
0.011760,0.641751,0.933592,0.609218,0.950773
0.011770,0.766205,-0.346756,-0.790653,0.303905
0.011780,-0.635702,-0.941413,-0.611230,-0.953891
0.011790,-0.765604,0.337897,0.793753,-0.302412
0.011800,0.638387,0.936230,0.614782,0.954205
0.011810,0.771140,-0.343287,-0.792839,0.301314
0.011820,-0.644922,-0.936612,-0.610748,-0.949562
0.011830,-0.768113,0.338364,0.790787,-0.308405
0.011840,0.641018,0.938405,0.611112,0.946665
0.011850,0.767580,-0.335363,-0.792587,0.299290
0.011860,-0.639242,-0.940613,-0.609420,-0.953260
0.011870,-0.765554,0.345659,0.794621,-0.304457
0.011880,0.638114,0.934204,0.606948,0.950828
0.011890,0.762737,-0.343255,-0.795422,0.296449
0.011900,-0.641067,-0.941051,-0.610764,-0.948908
0.011910,-0.768193,0.342305,0.792506,-0.300005
0.011920,0.637047,0.939928,0.612208,0.954793
0.011930,0.771089,-0.339085,-0.793080,0.304329
0.011940,-0.638149,-0.939611,-0.612000,-0.951364
0.011950,-0.769504,0.333584,0.788972,-0.303883
0.011960,0.646777,0.935933,0.611037,0.952188
0.011970,0.765763,-0.341797,-0.791139,0.303460
0.011980,-0.645972,-0.939532,-0.616014,-0.955531
0.011990,-0.768374,0.340900,0.792483,-0.299043
0.012000,0.637200,0.936235,0.601509,0.950758
0.012010,0.764952,-0.341983,-0.793609,0.302847
0.012020,-0.644163,-0.939640,-0.607472,-0.955840
0.012030,-0.766566,0.342980,0.786382,-0.300753
0.012040,0.639301,0.940003,0.611418,0.947222
0.012050,0.774654,-0.337639,-0.793843,0.300338
0.012060,-0.641578,-0.935776,-0.605112,-0.950431
0.012070,-0.769630,0.342114,0.793837,-0.304351
0.012080,0.636085,0.942745,0.612163,0.947610
0.012090,0.769146,-0.341520,-0.794367,0.301973
0.012100,-0.639595,-0.941047,-0.607755,-0.950103
0.012110,-0.770852,0.342711,0.793340,-0.302772
0.012120,0.641615,0.940124,0.608813,0.955204
0.012130,0.772417,-0.336491,-0.794467,0.308166
0.012140,-0.634243,-0.938370,-0.616291,-0.946358
0.012150,-0.765883,0.342377,0.788762,-0.304442
0.012160,0.642731,0.936993,0.604121,0.954601
0.012170,0.767319,-0.343139,-0.796765,0.305771
0.012180,-0.638818,-0.942201,-0.612616,-0.949171
0.012190,-0.763420,0.343607,0.794675,-0.308587
0.012200,0.636577,0.941957,0.606289,0.957308
0.012210,0.766157,-0.339374,-0.792097,0.303196
0.012220,-0.639529,-0.934892,-0.614816,-0.947774
0.012230,-0.766978,0.339921,0.794054,-0.307266
0.012240,0.640301,0.939824,0.612033,0.954993
0.012250,0.771091,-0.342561,-0.790373,0.303538
0.012260,-0.637728,-0.943669,-0.609979,-0.949299
0.012270,-0.764780,0.341883,0.794414,-0.305171
0.012280,0.636701,0.941832,0.609913,0.951477
0.012290,0.765247,-0.337763,-0.791969,0.307504
0.012300,-0.641055,-0.941186,-0.605331,-0.955804
0.012310,-0.771381,0.341074,0.794475,-0.305562
0.012320,0.641427,0.936933,0.606269,0.949935
0.012330,0.764697,-0.340188,-0.792555,0.302175
0.012340,-0.636694,-0.943245,-0.614769,-0.953617
0.012350,-0.769659,0.341037,0.792130,-0.297954
0.012360,0.642019,0.940573,0.610513,0.952175
0.012370,0.765967,-0.342784,-0.795857,0.303617
0.012380,-0.639091,-0.945387,-0.612267,-0.949408
0.012390,-0.772609,0.339377,0.795776,-0.305445
0.012400,0.639592,0.943011,0.611173,0.947095
0.012410,0.766749,-0.340197,-0.790942,0.301788
0.012420,-0.643245,-0.943177,-0.608574,-0.954148
0.012430,-0.772237,0.341190,0.789312,-0.304007
0.012440,0.643427,0.937312,0.611230,0.952418
0.012450,0.768015,-0.342210,-0.788089,0.303020
0.012460,-0.645893,-0.937443,-0.607607,-0.951126
0.012470,-0.769864,0.334842,0.791703,-0.303440
0.012480,0.639753,0.940688,0.615016,0.949754
0.012490,0.766760,-0.340790,-0.791519,0.305536
0.012500,-0.639506,-0.936790,-0.611629,-0.947728
0.012510,-0.769449,0.338631,0.787347,-0.296485
0.012520,0.637189,0.942234,0.610194,0.951073
0.012530,0.766658,-0.339927,-0.791685,0.305006
0.012540,-0.640719,-0.942585,-0.615965,-0.953057
0.012550,-0.763375,0.336355,0.789119,-0.306021
0.012560,0.643320,0.937812,0.613953,0.951625
0.012570,0.763879,-0.341716,-0.795940,0.305353
0.012580,-0.644319,-0.940229,-0.609281,-0.954061
0.012590,-0.765122,0.337528,0.792816,-0.302083
0.012600,0.642214,0.940440,0.609646,0.952760
0.012610,0.770997,-0.344494,-0.791200,0.303018
0.012620,-0.638908,-0.943039,-0.603621,-0.956864
0.012630,-0.770583,0.334079,0.795070,-0.302222
0.012640,0.641043,0.937596,0.608585,0.951657
0.012650,0.766545,-0.337814,-0.794657,0.301832
0.012660,-0.640955,-0.939163,-0.606306,-0.955269
0.012670,-0.772579,0.335876,0.795987,-0.307168
0.012680,0.644645,0.936944,0.611057,0.947666
0.012690,0.771832,-0.337179,-0.785326,0.302949
0.012700,-0.640001,-0.938911,-0.611057,-0.958338
0.012710,-0.765848,0.334475,0.790850,-0.298246
0.012720,0.646815,0.938200,0.605333,0.957967
0.012730,0.766439,-0.337571,-0.794931,0.304968
0.012740,-0.643432,-0.935701,-0.605597,-0.950092
0.012750,-0.764952,0.339297,0.789406,-0.303126
0.012760,0.636068,0.941375,0.612324,0.951378
0.012770,0.764376,-0.342102,-0.787945,0.308187
0.012780,-0.642006,-0.940934,-0.615501,-0.952979
0.012790,-0.765666,0.347473,0.786226,-0.302552
0.012800,0.647192,0.939394,0.609362,0.951761
0.012810,0.766975,-0.339785,-0.793069,0.304568
0.012820,-0.634774,-0.944868,-0.615262,-0.958439
0.012830,-0.763034,0.343629,0.794903,-0.305359
0.012840,0.640058,0.941001,0.611905,0.947306
0.012850,0.768823,-0.339978,-0.788312,0.302178
0.012860,-0.641134,-0.943120,-0.609513,-0.955858
0.012870,-0.768787,0.341544,0.788735,-0.306433
0.012880,0.641048,0.938932,0.609046,0.955690
0.012890,0.764127,-0.343661,-0.792376,0.304186
0.012900,-0.642255,-0.942316,-0.610492,-0.950076
0.012910,-0.765337,0.336597,0.791580,-0.304676
0.012920,0.639106,0.935972,0.607961,0.948819
0.012930,0.771402,-0.339010,-0.786203,0.298738
0.012940,-0.639952,-0.938600,-0.615063,-0.950715
0.012950,-0.764287,0.341521,0.792395,-0.300257
0.012960,0.638723,0.943336,0.608984,0.952458
0.012970,0.775097,-0.339179,-0.794449,0.300711
0.012980,-0.636686,-0.939110,-0.612290,-0.955720
0.012990,-0.763713,0.340236,0.790788,-0.304987
0.013000,0.643401,0.938352,0.602115,0.953436
0.013010,0.764944,-0.338701,-0.793995,0.305688
0.013020,-0.638094,-0.939673,-0.610013,-0.951209
0.013030,-0.768202,0.336311,0.790529,-0.308529
0.013040,0.643172,0.942080,0.609273,0.960289
0.013050,0.764973,-0.339129,-0.791594,0.304285
0.013060,-0.635358,-0.937681,-0.610699,-0.953312
0.013070,-0.770305,0.340403,0.793673,-0.305014
0.013080,0.640572,0.937573,0.607723,0.955067
0.013090,0.762079,-0.341452,-0.793069,0.302899
0.013100,-0.635088,-0.938080,-0.610594,-0.955769
0.013110,-0.765750,0.339434,0.794970,-0.304879
0.013120,0.640276,0.940224,0.611610,0.953419
0.013130,0.766782,-0.342205,-0.789227,0.301578
0.013140,-0.637198,-0.933973,-0.610373,-0.954770
0.013150,-0.764944,0.344159,0.796367,-0.302298
0.013160,0.638067,0.943749,0.610451,0.957121
0.013170,0.770827,-0.342124,-0.793470,0.304032
0.013180,-0.640061,-0.938754,-0.607244,-0.949729
0.013190,-0.764937,0.346698,0.790780,-0.299416
0.013200,0.642548,0.938066,0.608397,0.952054
0.013210,0.771629,-0.339829,-0.799370,0.303896
0.013220,-0.642180,-0.942740,-0.611624,-0.954672
0.013230,-0.770491,0.341412,0.794967,-0.302657
0.013240,0.638323,0.944563,0.611951,0.952666
0.013250,0.764475,-0.335756,-0.792911,0.300897
0.013260,-0.641087,-0.938756,-0.607967,-0.950319
0.013270,-0.762651,0.341271,0.793646,-0.302279
0.013280,0.639142,0.935761,0.607347,0.955848
0.013290,0.764017,-0.345973,-0.789582,0.304533
0.013300,-0.640610,-0.938766,-0.614534,-0.954594
0.013310,-0.764163,0.346314,0.789187,-0.303123
0.013320,0.638249,0.940193,0.606225,0.952244
0.013330,0.774250,-0.338225,-0.795829,0.298299
0.013340,-0.641923,-0.942530,-0.608624,-0.953845
0.013350,-0.769436,0.340400,0.789842,-0.304126
0.013360,0.641370,0.939752,0.617444,0.954158
0.013370,0.769306,-0.340019,-0.794752,0.301076
0.013380,-0.641258,-0.936856,-0.609172,-0.951566
0.013390,-0.768779,0.339528,0.791718,-0.301692
0.013400,0.644046,0.939653,0.608873,0.955581
0.013410,0.771851,-0.342116,-0.796689,0.303515
0.013420,-0.642828,-0.944216,-0.607037,-0.955625
0.013430,-0.766434,0.334611,0.795847,-0.304175
0.013440,0.638332,0.935004,0.609623,0.953581
0.013450,0.772783,-0.343486,-0.794174,0.304291
0.013460,-0.630977,-0.944785,-0.606228,-0.957658
0.013470,-0.770382,0.342914,0.786533,-0.305788
0.013480,0.637631,0.942454,0.608913,0.955394
0.013490,0.772365,-0.344308,-0.791681,0.302678
0.013500,-0.639765,-0.938224,-0.607447,-0.952018
0.013510,-0.770001,0.343463,0.791786,-0.300304
0.013520,0.637324,0.939167,0.613909,0.951263
0.013530,0.771451,-0.342414,-0.788379,0.303323
0.013540,-0.641939,-0.937381,-0.606245,-0.950078
0.013550,-0.763463,0.337948,0.791129,-0.303608
0.013560,0.639249,0.945491,0.606002,0.949330
0.013570,0.768781,-0.345075,-0.794188,0.301827
0.013580,-0.636877,-0.935222,-0.611719,-0.951908
0.013590,-0.768270,0.340466,0.792469,-0.300510
0.013600,0.639970,0.943050,0.611427,0.951136
0.013610,0.770250,-0.348900,-0.793644,0.312934
0.013620,-0.642597,-0.942368,-0.612135,-0.949962
0.013630,-0.769742,0.335978,0.797355,-0.299885
0.013640,0.641105,0.935295,0.606613,0.954799
0.013650,0.768336,-0.344021,-0.795482,0.309720
0.013660,-0.641497,-0.949989,-0.608774,-0.953982
0.013670,-0.763745,0.335603,0.792870,-0.305295
0.013680,0.643062,0.940327,0.613946,0.950342
0.013690,0.772433,-0.336389,-0.790893,0.301676
0.013700,-0.639456,-0.938618,-0.613976,-0.955137
0.013710,-0.762077,0.339060,0.793363,-0.293956
0.013720,0.641495,0.938232,0.612211,0.952182
0.013730,0.766861,-0.339800,-0.791392,0.302904
0.013740,-0.640590,-0.939314,-0.609131,-0.954342
0.013750,-0.760728,0.343140,0.786762,-0.304667
0.013760,0.640709,0.937784,0.607965,0.956021
0.013770,0.765754,-0.345723,-0.794468,0.297339
0.013780,-0.641706,-0.942437,-0.609038,-0.951412
0.013790,-0.761438,0.340308,0.794342,-0.303050
0.013800,0.639055,0.945074,0.604866,0.951166
0.013810,0.766557,-0.337876,-0.792744,0.300239
0.013820,-0.637799,-0.943778,-0.610531,-0.956841
0.013830,-0.769589,0.344344,0.789962,-0.304073
0.013840,0.637725,0.939407,0.610375,0.955226
0.013850,0.766364,-0.342754,-0.793052,0.299929
0.013860,-0.638134,-0.942682,-0.611979,-0.955178
0.013870,-0.766683,0.341043,0.795234,-0.308174
0.013880,0.640365,0.938435,0.607200,0.945664
0.013890,0.773169,-0.339162,-0.792544,0.302491
0.013900,-0.642883,-0.943970,-0.606458,-0.953618
0.013910,-0.767318,0.342527,0.792322,-0.303671
0.013920,0.637758,0.936884,0.617956,0.958794
0.013930,0.763269,-0.340780,-0.788310,0.303778
0.013940,-0.638616,-0.941218,-0.613244,-0.947136
0.013950,-0.767409,0.345959,0.793265,-0.301307
0.013960,0.641462,0.940139,0.605906,0.955811
0.013970,0.767326,-0.344446,-0.788857,0.301212
0.013980,-0.632969,-0.940692,-0.609449,-0.955485
0.013990,-0.771621,0.340405,0.792545,-0.304759
0.014000,0.645087,0.941656,0.605649,0.953265
0.014010,0.767269,-0.338516,-0.793595,0.308713
0.014020,-0.640354,-0.937212,-0.608091,-0.954037
0.014030,-0.768434,0.340044,0.790647,-0.299921
0.014040,0.648112,0.939167,0.612282,0.953373
0.014050,0.771675,-0.340121,-0.792866,0.303293
0.014060,-0.640144,-0.937172,-0.606282,-0.951851
0.014070,-0.764037,0.337379,0.786756,-0.296469
0.014080,0.644038,0.944258,0.609933,0.947751
0.014090,0.768022,-0.348738,-0.789810,0.302386
0.014100,-0.639668,-0.939879,-0.612407,-0.948401
0.014110,-0.765080,0.336294,0.794397,-0.303921
0.014120,0.643527,0.940880,0.614010,0.950583
0.014130,0.764657,-0.341766,-0.800059,0.303277
0.014140,-0.641595,-0.938737,-0.604451,-0.946976
0.014150,-0.764704,0.341266,0.794348,-0.302658
0.014160,0.641194,0.934512,0.607561,0.957379
0.014170,0.767165,-0.337874,-0.790635,0.301672
0.014180,-0.639481,-0.944663,-0.608197,-0.950272
0.014190,-0.765494,0.341704,0.793358,-0.305539
0.014200,0.641233,0.934896,0.615287,0.950216
0.014210,0.771552,-0.339833,-0.793317,0.303051
0.014220,-0.637667,-0.940663,-0.610560,-0.954227
0.014230,-0.769261,0.343394,0.789624,-0.299316
0.014240,0.641073,0.937378,0.610995,0.943462
0.014250,0.769985,-0.343302,-0.790269,0.298779
0.014260,-0.640900,-0.945486,-0.607075,-0.956466
0.014270,-0.765781,0.342103,0.794459,-0.299637
0.014280,0.638026,0.941485,0.613338,0.953485
0.014290,0.769583,-0.343440,-0.795629,0.309208
0.014300,-0.645599,-0.941389,-0.607642,-0.955359
0.014310,-0.767340,0.340933,0.787608,-0.303594
0.014320,0.644899,0.942742,0.608455,0.950724
0.014330,0.768026,-0.336157,-0.790943,0.300308
0.014340,-0.640402,-0.935565,-0.607033,-0.953890
0.014350,-0.773997,0.343243,0.793242,-0.299290
0.014360,0.639642,0.941179,0.608991,0.951967
0.014370,0.769998,-0.342419,-0.791399,0.306480
0.014380,-0.643683,-0.942260,-0.609612,-0.962114
0.014390,-0.767332,0.332988,0.789434,-0.301833
0.014400,0.643029,0.945703,0.611245,0.953367
0.014410,0.767904,-0.344362,-0.787463,0.306613
0.014420,-0.642937,-0.935503,-0.608129,-0.955687
0.014430,-0.763006,0.345368,0.793076,-0.305901
0.014440,0.639703,0.939335,0.611471,0.953613
0.014450,0.769318,-0.337591,-0.790930,0.300487
0.014460,-0.636903,-0.942107,-0.611741,-0.952893
0.014470,-0.764675,0.342842,0.788372,-0.304764
0.014480,0.639206,0.942407,0.610606,0.947187
0.014490,0.770720,-0.339714,-0.792241,0.306958
0.014500,-0.639039,-0.940551,-0.608027,-0.957069
0.014510,-0.774434,0.342101,0.790454,-0.300169
0.014520,0.638067,0.938683,0.611591,0.950188
0.014530,0.766175,-0.345311,-0.793266,0.302501
0.014540,-0.639039,-0.940721,-0.609071,-0.956935
0.014550,-0.767802,0.339123,0.794114,-0.302543
0.014560,0.633695,0.941384,0.614745,0.950919
0.014570,0.771180,-0.342184,-0.794110,0.301785
0.014580,-0.637434,-0.944684,-0.616760,-0.948359
0.014590,-0.766531,0.342562,0.790408,-0.304477
0.014600,0.638557,0.942742,0.611950,0.959153
0.014610,0.761963,-0.341029,-0.795889,0.298766
0.014620,-0.639764,-0.942985,-0.605484,-0.952069
0.014630,-0.769178,0.340722,0.792911,-0.300123
0.014640,0.642575,0.941692,0.607894,0.952529
0.014650,0.765091,-0.340804,-0.791755,0.308218
0.014660,-0.636728,-0.935362,-0.612088,-0.952839
0.014670,-0.768265,0.334934,0.793565,-0.303179
0.014680,0.641426,0.933644,0.609675,0.958463
0.014690,0.774015,-0.340766,-0.794163,0.302011
0.014700,-0.641735,-0.940267,-0.610868,-0.955775
0.014710,-0.765839,0.340539,0.795290,-0.303790
0.014720,0.636409,0.939933,0.609370,0.952202
0.014730,0.768473,-0.340740,-0.791006,0.298334
0.014740,-0.633254,-0.939349,-0.609468,-0.952053
0.014750,-0.771453,0.338366,0.792259,-0.301185
0.014760,0.643368,0.941596,0.608845,0.951353
0.014770,0.769702,-0.344108,-0.791383,0.301059
0.014780,-0.646198,-0.938083,-0.609908,-0.957058
0.014790,-0.766720,0.338585,0.792582,-0.303307
0.014800,0.646257,0.940542,0.611381,0.952410
0.014810,0.767372,-0.337898,-0.789242,0.307733
0.014820,-0.641987,-0.941751,-0.609876,-0.954459
0.014830,-0.766647,0.341947,0.787199,-0.303291
0.014840,0.644049,0.935293,0.609753,0.949524
0.014850,0.774534,-0.346631,-0.790718,0.302432
0.014860,-0.639738,-0.936605,-0.608619,-0.953730
0.014870,-0.769095,0.343784,0.796351,-0.308221
0.014880,0.641057,0.938964,0.607253,0.950147
0.014890,0.772867,-0.341185,-0.794579,0.297014
0.014900,-0.639577,-0.945610,-0.612175,-0.951147
0.014910,-0.765976,0.339098,0.797449,-0.306428
0.014920,0.641023,0.937512,0.610727,0.950063
0.014930,0.772359,-0.347155,-0.793371,0.300866
0.014940,-0.642919,-0.942668,-0.613860,-0.946781
0.014950,-0.768944,0.340176,0.797307,-0.303835
0.014960,0.637976,0.938030,0.614495,0.951426
0.014970,0.765821,-0.340474,-0.789738,0.307869
0.014980,-0.636611,-0.939487,-0.614511,-0.955382
0.014990,-0.766808,0.341086,0.792257,-0.308205
0.015000,0.641325,0.938234,0.608638,0.953588
0.015010,0.767610,-0.341096,-0.791744,0.299807
0.015020,-0.640392,-0.943755,-0.607187,-0.952683
0.015030,-0.771126,0.344571,0.790191,-0.302967
0.015040,0.636249,0.941085,0.610064,0.952291
0.015050,0.767866,-0.343902,-0.790813,0.303448
0.015060,-0.639059,-0.939664,-0.610151,-0.954172
0.015070,-0.773701,0.340450,0.795691,-0.303736
0.015080,0.641079,0.941750,0.609534,0.949439
0.015090,0.766040,-0.334474,-0.786053,0.304434
0.015100,-0.643451,-0.937527,-0.602409,-0.955553
0.015110,-0.769345,0.343256,0.792702,-0.299139
0.015120,0.642538,0.940179,0.609452,0.954484
0.015130,0.770139,-0.341112,-0.794130,0.306934
0.015140,-0.636845,-0.942789,-0.615304,-0.954659
0.015150,-0.765561,0.342610,0.789939,-0.303540
0.015160,0.637211,0.937389,0.608999,0.954429
0.015170,0.772192,-0.340840,-0.788424,0.299963
0.015180,-0.644967,-0.937448,-0.606931,-0.952106
0.015190,-0.767791,0.341659,0.785384,-0.307707
0.015200,0.639648,0.944673,0.606499,0.950923
0.015210,0.769371,-0.338382,-0.796560,0.305312
0.015220,-0.637217,-0.942751,-0.607453,-0.957057
0.015230,-0.764332,0.340156,0.796382,-0.303188
0.015240,0.641213,0.939253,0.607204,0.953855
0.015250,0.771364,-0.337172,-0.791499,0.301004
0.015260,-0.637823,-0.941194,-0.615401,-0.947867
0.015270,-0.768912,0.338592,0.791590,-0.306230
0.015280,0.638469,0.941125,0.611747,0.955194
0.015290,0.770770,-0.339739,-0.793862,0.304329
0.015300,-0.642104,-0.938392,-0.612391,-0.946922
0.015310,-0.766228,0.338792,0.789772,-0.302791
0.015320,0.650252,0.941603,0.609268,0.954138
0.015330,0.772129,-0.336541,-0.795835,0.306671
0.015340,-0.638391,-0.945130,-0.615055,-0.959941
0.015350,-0.765738,0.341132,0.790071,-0.309876
0.015360,0.644332,0.939539,0.613270,0.950099
0.015370,0.766888,-0.340181,-0.793347,0.306046
0.015380,-0.638895,-0.940416,-0.619310,-0.958083
0.015390,-0.766372,0.341471,0.786206,-0.301402
0.015400,0.637417,0.936777,0.605799,0.955381
0.015410,0.770261,-0.341232,-0.793404,0.306098
0.015420,-0.639987,-0.940155,-0.606984,-0.953312
0.015430,-0.765236,0.342353,0.794875,-0.302986
0.015440,0.637547,0.936146,0.612607,0.951598
0.015450,0.771626,-0.343458,-0.788708,0.305353
0.015460,-0.643980,-0.942039,-0.618752,-0.951919
0.015470,-0.766130,0.340479,0.791247,-0.300497
0.015480,0.643004,0.941650,0.611954,0.955224
0.015490,0.763948,-0.339827,-0.793800,0.301060
0.015500,-0.638895,-0.944535,-0.610134,-0.954561
0.015510,-0.770767,0.338376,0.791851,-0.304626
0.015520,0.642516,0.939745,0.609553,0.952030
0.015530,0.772330,-0.339141,-0.788962,0.307250
0.015540,-0.639965,-0.936429,-0.607526,-0.955076
0.015550,-0.767586,0.341560,0.789267,-0.302789
0.015560,0.638170,0.935439,0.610510,0.954754
0.015570,0.765910,-0.337419,-0.794866,0.305820
0.015580,-0.639295,-0.941491,-0.611349,-0.950512
0.015590,-0.762120,0.345725,0.791049,-0.299928
0.015600,0.640296,0.938079,0.613141,0.950818
0.015610,0.767273,-0.343873,-0.793448,0.306871
0.015620,-0.641127,-0.937672,-0.608038,-0.950631
0.015630,-0.775422,0.348669,0.788644,-0.302074
0.015640,0.636805,0.949918,0.610401,0.950635
0.015650,0.767963,-0.343502,-0.786380,0.306677
0.015660,-0.643911,-0.935095,-0.609565,-0.953049
0.015670,-0.771392,0.338937,0.788671,-0.301887
0.015680,0.640329,0.941576,0.610044,0.949109
0.015690,0.767877,-0.339212,-0.794463,0.304423
0.015700,-0.637150,-0.942114,-0.608726,-0.955614
0.015710,-0.768333,0.342497,0.794551,-0.304480
0.015720,0.639740,0.938167,0.616227,0.953166
0.015730,0.767633,-0.344273,-0.789553,0.303189
0.015740,-0.641580,-0.940345,-0.603607,-0.950615
0.015750,-0.770856,0.336875,0.795126,-0.309581
0.015760,0.640812,0.946303,0.610277,0.952005
0.015770,0.767921,-0.336902,-0.790581,0.303091
0.015780,-0.642869,-0.941666,-0.610447,-0.949347
0.015790,-0.765650,0.338728,0.794434,-0.305289
0.015800,0.638176,0.944355,0.615044,0.950552
0.015810,0.765701,-0.341782,-0.789967,0.303246
0.015820,-0.633659,-0.940292,-0.609895,-0.953345
0.015830,-0.768345,0.341412,0.791112,-0.307242
0.015840,0.641365,0.943144,0.611704,0.950408
0.015850,0.767682,-0.337440,-0.792339,0.304618
0.015860,-0.638812,-0.942720,-0.614669,-0.952450
0.015870,-0.772278,0.347274,0.790690,-0.305427
0.015880,0.641231,0.939938,0.610259,0.955528
0.015890,0.768266,-0.341388,-0.795663,0.308654
0.015900,-0.645258,-0.938748,-0.610231,-0.946478
0.015910,-0.767254,0.339933,0.792269,-0.301651
0.015920,0.638665,0.938413,0.608252,0.953738
0.015930,0.765138,-0.340738,-0.790567,0.306832
0.015940,-0.639247,-0.937773,-0.611697,-0.955666
0.015950,-0.772728,0.346286,0.787272,-0.306172
0.015960,0.638112,0.943336,0.611759,0.953557
0.015970,0.766700,-0.344165,-0.793140,0.305303
0.015980,-0.640400,-0.940191,-0.609749,-0.955473
0.015990,-0.765105,0.342334,0.799194,-0.304659
0.016000,0.640368,0.933944,0.608829,0.955758
0.016010,0.767511,-0.335919,-0.793300,0.307442
0.016020,-0.643533,-0.941354,-0.603562,-0.955835
0.016030,-0.770608,0.340952,0.788311,-0.303685
0.016040,0.646450,0.938624,0.603403,0.953092
0.016050,0.767801,-0.347407,-0.788767,0.303463
0.016060,-0.637816,-0.948926,-0.606971,-0.957863
0.016070,-0.769247,0.339753,0.795396,-0.302181
0.016080,0.641145,0.936484,0.610224,0.951400
0.016090,0.763521,-0.341975,-0.791509,0.297489
0.016100,-0.639532,-0.939647,-0.606673,-0.951356
0.016110,-0.768505,0.340231,0.789471,-0.302479
0.016120,0.640677,0.940923,0.609249,0.957780
0.016130,0.762429,-0.336950,-0.796641,0.303563
0.016140,-0.643900,-0.935708,-0.609466,-0.958212
0.016150,-0.765693,0.334502,0.790053,-0.299859
0.016160,0.641627,0.941346,0.609182,0.953497
0.016170,0.768235,-0.337862,-0.795227,0.307555
0.016180,-0.642668,-0.940209,-0.615887,-0.950475
0.016190,-0.774533,0.334154,0.792694,-0.301211
0.016200,0.640677,0.936260,0.607716,0.954742
0.016210,0.773357,-0.338680,-0.793577,0.299561
0.016220,-0.639657,-0.944136,-0.606120,-0.955594
0.016230,-0.770287,0.341552,0.797945,-0.305010
0.016240,0.637911,0.943401,0.612104,0.953404
0.016250,0.762939,-0.343237,-0.795620,0.299968
0.016260,-0.640715,-0.942783,-0.609883,-0.956567
0.016270,-0.767266,0.342411,0.785095,-0.302874
0.016280,0.645664,0.942056,0.608171,0.956053
0.016290,0.762427,-0.344494,-0.792530,0.301883
0.016300,-0.638371,-0.938912,-0.608540,-0.950905
0.016310,-0.768572,0.339003,0.787931,-0.304271
0.016320,0.641451,0.940160,0.611270,0.954173
0.016330,0.765512,-0.344641,-0.795579,0.308998
0.016340,-0.639043,-0.938673,-0.612667,-0.951544
0.016350,-0.766469,0.342811,0.791798,-0.304147
0.016360,0.644252,0.944654,0.610305,0.952030
0.016370,0.771671,-0.343847,-0.786481,0.303056
0.016380,-0.638105,-0.945825,-0.612861,-0.944540
0.016390,-0.766221,0.339745,0.791217,-0.307869
0.016400,0.640653,0.932159,0.612116,0.950228
0.016410,0.774191,-0.342858,-0.791519,0.309864
0.016420,-0.640550,-0.939469,-0.607576,-0.956499
0.016430,-0.772275,0.337538,0.796887,-0.304010
0.016440,0.637884,0.934910,0.612394,0.953818
0.016450,0.765230,-0.342055,-0.789936,0.304223
0.016460,-0.639808,-0.935872,-0.609388,-0.952647
0.016470,-0.767532,0.335992,0.792930,-0.305377
0.016480,0.637129,0.938030,0.604245,0.955578
0.016490,0.769039,-0.342940,-0.792515,0.307078
0.016500,-0.640311,-0.943736,-0.604837,-0.954617
0.016510,-0.763668,0.339918,0.790386,-0.309749
0.016520,0.636371,0.938809,0.611866,0.949146
0.016530,0.763362,-0.340405,-0.791486,0.306266
0.016540,-0.639358,-0.936636,-0.610833,-0.951088
0.016550,-0.770703,0.340157,0.790114,-0.303096
0.016560,0.640181,0.939322,0.606378,0.954684
0.016570,0.766679,-0.340369,-0.794577,0.299077
0.016580,-0.640753,-0.943130,-0.613304,-0.948852
0.016590,-0.767318,0.342472,0.793842,-0.308044
0.016600,0.642336,0.942188,0.609146,0.951129
0.016610,0.771731,-0.342911,-0.791572,0.307390
0.016620,-0.639935,-0.943231,-0.610280,-0.948678
0.016630,-0.771426,0.341516,0.790401,-0.294144
0.016640,0.643990,0.941007,0.611860,0.946829
0.016650,0.768811,-0.338973,-0.792952,0.303197
0.016660,-0.637361,-0.938865,-0.605233,-0.948303
0.016670,-0.768400,0.344361,0.794082,-0.306020
0.016680,0.638016,0.938061,0.609463,0.953142
0.016690,0.765858,-0.340657,-0.792659,0.299039
0.016700,-0.639291,-0.945549,-0.612932,-0.955803
0.016710,-0.770837,0.339133,0.792303,-0.304305
0.016720,0.645309,0.935575,0.609212,0.952435
0.016730,0.769602,-0.345384,-0.787689,0.308038
0.016740,-0.643002,-0.934955,-0.604908,-0.959686
0.016750,-0.773059,0.343885,0.796660,-0.302447
0.016760,0.639524,0.939659,0.613070,0.951636
0.016770,0.768112,-0.342566,-0.790643,0.300486
0.016780,-0.642570,-0.939622,-0.613560,-0.948415
0.016790,-0.768443,0.340973,0.796550,-0.300299
0.016800,0.640360,0.939708,0.607911,0.956146
0.016810,0.769642,-0.334783,-0.798256,0.305164
0.016820,-0.640982,-0.943644,-0.608300,-0.956561
0.016830,-0.764653,0.343914,0.797102,-0.297243
0.016840,0.643137,0.944680,0.606826,0.955971
0.016850,0.764183,-0.337404,-0.795505,0.299358
0.016860,-0.642875,-0.940820,-0.607938,-0.954082
0.016870,-0.765062,0.340202,0.793917,-0.303719
0.016880,0.635641,0.944248,0.611143,0.950952
0.016890,0.765636,-0.343871,-0.788292,0.299648
0.016900,-0.643163,-0.944042,-0.611680,-0.952393
0.016910,-0.766333,0.340416,0.788904,-0.307000
0.016920,0.645679,0.937823,0.614990,0.955932
0.016930,0.764874,-0.339235,-0.792312,0.305169
0.016940,-0.637698,-0.940875,-0.612204,-0.957224
0.016950,-0.770926,0.336942,0.796116,-0.299505
0.016960,0.637441,0.942895,0.608216,0.949888
0.016970,0.765895,-0.340315,-0.791695,0.308236
0.016980,-0.642204,-0.943903,-0.611575,-0.951053
0.016990,-0.764871,0.343021,0.795313,-0.301970
0.017000,0.639778,0.939491,0.607821,0.949901
0.017010,0.762508,-0.335978,-0.796757,0.303845
0.017020,-0.635816,-0.939683,-0.608741,-0.950656
0.017030,-0.769817,0.339553,0.793132,-0.307047
0.017040,0.640547,0.941509,0.606926,0.948220
0.017050,0.765380,-0.340018,-0.792743,0.304259
0.017060,-0.636120,-0.947325,-0.614979,-0.953875
0.017070,-0.759820,0.344453,0.791596,-0.299050
0.017080,0.642007,0.938989,0.609950,0.948504
0.017090,0.763939,-0.340277,-0.795127,0.300576
0.017100,-0.644642,-0.940372,-0.614200,-0.952649
0.017110,-0.767784,0.346513,0.788602,-0.303341
0.017120,0.639146,0.942280,0.609305,0.946026
0.017130,0.772373,-0.340739,-0.789670,0.300320
0.017140,-0.646034,-0.938819,-0.610649,-0.950176
0.017150,-0.767593,0.343175,0.790258,-0.302453
0.017160,0.642809,0.938885,0.609047,0.950925
0.017170,0.773778,-0.345653,-0.790056,0.307613
0.017180,-0.640947,-0.937578,-0.607297,-0.952022
0.017190,-0.768452,0.337713,0.791726,-0.300862
0.017200,0.640626,0.935567,0.609241,0.948930
0.017210,0.766927,-0.335325,-0.791641,0.304312
0.017220,-0.638189,-0.944658,-0.608179,-0.951425
0.017230,-0.764644,0.341694,0.797887,-0.304040
0.017240,0.636695,0.943868,0.611759,0.956728
0.017250,0.775537,-0.344175,-0.791029,0.306990
0.017260,-0.641391,-0.940424,-0.616033,-0.952506
0.017270,-0.770821,0.346728,0.789341,-0.307161
0.017280,0.637108,0.935935,0.611222,0.956129
0.017290,0.764501,-0.344534,-0.795053,0.303512
0.017300,-0.648469,-0.940465,-0.610354,-0.953757
0.017310,-0.772728,0.337990,0.789582,-0.304336
0.017320,0.645531,0.938020,0.612111,0.953900
0.017330,0.766404,-0.346532,-0.793880,0.307115
0.017340,-0.638666,-0.935391,-0.613281,-0.952172
0.017350,-0.769487,0.341731,0.791798,-0.305735
0.017360,0.640203,0.941840,0.616008,0.952593
0.017370,0.767439,-0.343821,-0.794368,0.302339
0.017380,-0.642818,-0.943729,-0.609925,-0.953902
0.017390,-0.761895,0.343255,0.792665,-0.304227
0.017400,0.643643,0.939859,0.615748,0.952591
0.017410,0.763123,-0.342327,-0.791876,0.304176
0.017420,-0.644685,-0.941439,-0.610789,-0.949972
0.017430,-0.768098,0.338253,0.791250,-0.308175
0.017440,0.637614,0.938403,0.609775,0.950747
0.017450,0.770181,-0.342863,-0.793854,0.305340
0.017460,-0.643090,-0.943710,-0.607786,-0.945590
0.017470,-0.765986,0.337759,0.795814,-0.297032
0.017480,0.636275,0.943243,0.610115,0.945662
0.017490,0.770342,-0.339278,-0.789507,0.301388
0.017500,-0.638960,-0.944455,-0.610788,-0.954253
0.017510,-0.770508,0.349455,0.791166,-0.300626
0.017520,0.641884,0.936868,0.608416,0.953917
0.017530,0.768628,-0.347241,-0.791778,0.301716
0.017540,-0.639967,-0.940479,-0.615369,-0.953078
0.017550,-0.764606,0.341471,0.789569,-0.304416
0.017560,0.640023,0.940462,0.606961,0.954888
0.017570,0.768707,-0.340697,-0.786766,0.302647
0.017580,-0.642877,-0.936598,-0.615318,-0.953798
0.017590,-0.768441,0.335640,0.796431,-0.308112
0.017600,0.638883,0.940298,0.613282,0.948832
0.017610,0.766232,-0.340806,-0.791453,0.304052
0.017620,-0.638826,-0.945879,-0.603435,-0.950476
0.017630,-0.765977,0.340059,0.789409,-0.308863
0.017640,0.643710,0.941892,0.613018,0.950813
0.017650,0.769694,-0.340514,-0.797174,0.304739
0.017660,-0.640108,-0.940335,-0.612916,-0.952138
0.017670,-0.766898,0.337824,0.788991,-0.303651
0.017680,0.635932,0.937704,0.615608,0.953790
0.017690,0.763865,-0.336148,-0.789143,0.302576
0.017700,-0.637748,-0.943641,-0.605061,-0.953217
0.017710,-0.766126,0.340923,0.792728,-0.302550
0.017720,0.640475,0.938012,0.604592,0.955410
0.017730,0.768122,-0.340061,-0.790093,0.306333
0.017740,-0.638085,-0.937981,-0.612640,-0.948237
0.017750,-0.767197,0.337985,0.793154,-0.305029
0.017760,0.634909,0.937073,0.609774,0.950393
0.017770,0.769998,-0.341562,-0.789077,0.308222
0.017780,-0.643674,-0.937324,-0.607629,-0.949756
0.017790,-0.773225,0.339210,0.787555,-0.304231
0.017800,0.636921,0.938899,0.612564,0.955547
0.017810,0.767870,-0.339655,-0.789463,0.300933
0.017820,-0.634766,-0.939975,-0.614222,-0.951507
0.017830,-0.767042,0.341525,0.790847,-0.305535
0.017840,0.640709,0.941229,0.612476,0.951693
0.017850,0.767952,-0.344986,-0.789971,0.308446
0.017860,-0.640832,-0.942972,-0.608235,-0.956042
0.017870,-0.769583,0.344552,0.791636,-0.304801
0.017880,0.635221,0.941088,0.611690,0.949958
0.017890,0.767272,-0.339189,-0.793231,0.305529
0.017900,-0.641372,-0.938146,-0.611099,-0.952792
0.017910,-0.764729,0.340992,0.793430,-0.301364
0.017920,0.637579,0.938051,0.612115,0.958294
0.017930,0.766292,-0.345298,-0.791834,0.303673
0.017940,-0.637908,-0.941616,-0.605868,-0.952937
0.017950,-0.768073,0.337450,0.790977,-0.299069
0.017960,0.637579,0.936899,0.608314,0.951845
0.017970,0.771666,-0.340337,-0.788839,0.302664
0.017980,-0.637945,-0.942833,-0.606351,-0.949088
0.017990,-0.768406,0.341082,0.785292,-0.304611
0.018000,0.642234,0.941592,0.608878,0.954841
0.018010,0.766683,-0.341841,-0.793651,0.303295
0.018020,-0.640797,-0.943623,-0.607144,-0.955255
0.018030,-0.771018,0.341574,0.794835,-0.299103
0.018040,0.637064,0.935018,0.611050,0.953991
0.018050,0.769265,-0.339921,-0.790458,0.298897
0.018060,-0.644918,-0.941534,-0.612409,-0.952934
0.018070,-0.769754,0.338556,0.795023,-0.307064
0.018080,0.641939,0.937113,0.606170,0.947041
0.018090,0.764113,-0.333462,-0.788949,0.309802
0.018100,-0.634854,-0.948406,-0.612236,-0.951531
0.018110,-0.767106,0.340286,0.791032,-0.304934
0.018120,0.640019,0.942690,0.610041,0.951095
0.018130,0.759876,-0.336849,-0.798043,0.298899
0.018140,-0.639622,-0.938266,-0.608073,-0.955350
0.018150,-0.768710,0.343322,0.784889,-0.303928
0.018160,0.641099,0.936440,0.610960,0.951429
0.018170,0.760220,-0.337866,-0.793892,0.303370
0.018180,-0.640887,-0.939063,-0.610527,-0.957804
0.018190,-0.765339,0.340789,0.789724,-0.302654
0.018200,0.639544,0.943220,0.612210,0.954053
0.018210,0.769296,-0.338746,-0.793498,0.303086
0.018220,-0.641967,-0.942716,-0.611010,-0.952102
0.018230,-0.769402,0.343554,0.793743,-0.304350
0.018240,0.640758,0.942208,0.610828,0.953620
0.018250,0.768711,-0.341385,-0.793118,0.304456
0.018260,-0.637888,-0.942816,-0.610589,-0.955838
0.018270,-0.770183,0.339831,0.792303,-0.303300
0.018280,0.639567,0.941245,0.612452,0.949657
0.018290,0.763240,-0.344937,-0.789709,0.304648
0.018300,-0.643330,-0.938033,-0.609351,-0.955071
0.018310,-0.765497,0.342720,0.793185,-0.308633
0.018320,0.643339,0.941357,0.612775,0.957493
0.018330,0.768140,-0.336355,-0.791511,0.299229
0.018340,-0.644366,-0.941713,-0.611721,-0.953304
0.018350,-0.765268,0.342792,0.791614,-0.299304
0.018360,0.643098,0.940221,0.610558,0.951337
0.018370,0.766405,-0.332641,-0.795187,0.300076
0.018380,-0.641918,-0.937651,-0.609613,-0.956561
0.018390,-0.767564,0.336965,0.793762,-0.303755
0.018400,0.636830,0.939578,0.607138,0.949053
0.018410,0.769750,-0.347892,-0.788584,0.299593
0.018420,-0.637719,-0.935892,-0.614748,-0.954983
0.018430,-0.772921,0.345933,0.794389,-0.301093
0.018440,0.637585,0.941291,0.610537,0.952605
0.018450,0.768721,-0.348624,-0.792007,0.301768
0.018460,-0.639038,-0.941783,-0.611016,-0.950724
0.018470,-0.773724,0.340900,0.789830,-0.303646
0.018480,0.632749,0.938780,0.609133,0.953284
0.018490,0.767389,-0.336704,-0.795449,0.309412
0.018500,-0.641754,-0.944795,-0.605082,-0.953000
0.018510,-0.769699,0.343684,0.793941,-0.300907
0.018520,0.638253,0.938057,0.609459,0.948441
0.018530,0.768224,-0.340619,-0.791086,0.305283
0.018540,-0.639957,-0.938654,-0.609739,-0.952444
0.018550,-0.770969,0.336098,0.787322,-0.304655
0.018560,0.636045,0.938780,0.607057,0.956715
0.018570,0.768480,-0.342469,-0.791906,0.303143
0.018580,-0.643679,-0.938970,-0.612962,-0.952223
0.018590,-0.773444,0.343554,0.792065,-0.299556
0.018600,0.641050,0.940608,0.609009,0.950207
0.018610,0.772045,-0.339853,-0.791481,0.300344
0.018620,-0.643115,-0.942659,-0.614492,-0.953779
0.018630,-0.771696,0.340634,0.794530,-0.307644
0.018640,0.638224,0.940023,0.605185,0.950816
0.018650,0.763199,-0.333487,-0.793021,0.299403
0.018660,-0.642847,-0.936394,-0.611490,-0.955567
0.018670,-0.768494,0.342447,0.787316,-0.301828
0.018680,0.636777,0.939812,0.612431,0.946908
0.018690,0.765629,-0.336397,-0.792058,0.297733
0.018700,-0.646280,-0.938219,-0.610120,-0.948421
0.018710,-0.770755,0.341275,0.789844,-0.303229
0.018720,0.645175,0.938691,0.609416,0.950975
0.018730,0.770659,-0.334672,-0.793894,0.301689
0.018740,-0.642738,-0.943098,-0.609530,-0.949620
0.018750,-0.767696,0.341968,0.796010,-0.308961
0.018760,0.635159,0.940138,0.613164,0.953625
0.018770,0.765974,-0.341293,-0.793244,0.299975
0.018780,-0.638767,-0.940257,-0.607243,-0.949892
0.018790,-0.763828,0.340126,0.793433,-0.300442
0.018800,0.639268,0.942234,0.608747,0.953093
0.018810,0.766015,-0.340295,-0.795391,0.309296
0.018820,-0.638478,-0.945008,-0.613313,-0.953056
0.018830,-0.765644,0.339626,0.790576,-0.300326
0.018840,0.641743,0.946603,0.608554,0.952137
0.018850,0.766446,-0.340080,-0.795404,0.302097
0.018860,-0.639508,-0.944338,-0.608687,-0.952290
0.018870,-0.764808,0.339675,0.786972,-0.304405
0.018880,0.638206,0.935785,0.611217,0.949088
0.018890,0.759973,-0.344212,-0.795250,0.299504
0.018900,-0.637490,-0.937887,-0.613530,-0.952572
0.018910,-0.764056,0.343101,0.790936,-0.302236
0.018920,0.641255,0.936507,0.611385,0.950042
0.018930,0.762020,-0.337488,-0.790026,0.301383
0.018940,-0.637270,-0.943572,-0.612740,-0.949328
0.018950,-0.768663,0.342381,0.793171,-0.302936
0.018960,0.638307,0.935794,0.613251,0.956342
0.018970,0.768809,-0.339686,-0.791403,0.307836
0.018980,-0.644016,-0.942401,-0.609266,-0.958019
0.018990,-0.763448,0.335624,0.791315,-0.301814
0.019000,0.643263,0.945246,0.606828,0.954148
0.019010,0.768688,-0.341769,-0.787415,0.303561
0.019020,-0.637454,-0.939502,-0.615743,-0.956275
0.019030,-0.774543,0.340666,0.792677,-0.309232
0.019040,0.638218,0.942758,0.615309,0.956831
0.019050,0.769376,-0.342687,-0.799231,0.300911
0.019060,-0.644699,-0.941891,-0.616484,-0.951616
0.019070,-0.768451,0.342105,0.787730,-0.303857
0.019080,0.640794,0.938534,0.613300,0.948363
0.019090,0.776982,-0.343151,-0.791117,0.302817
0.019100,-0.646176,-0.944498,-0.608771,-0.946817
0.019110,-0.769033,0.339614,0.790926,-0.306214
0.019120,0.643026,0.942124,0.610574,0.951861
0.019130,0.772425,-0.346969,-0.790667,0.304545
0.019140,-0.637975,-0.940719,-0.606154,-0.952568
0.019150,-0.763966,0.338184,0.791536,-0.302482
0.019160,0.643549,0.941406,0.605578,0.949620
0.019170,0.761828,-0.340380,-0.787854,0.309694
0.019180,-0.640876,-0.937333,-0.607704,-0.955634
0.019190,-0.764198,0.336815,0.789946,-0.300646
0.019200,0.639199,0.942382,0.609279,0.951587
0.019210,0.768508,-0.343244,-0.787658,0.297304
0.019220,-0.638306,-0.944585,-0.606378,-0.950985
0.019230,-0.767018,0.345989,0.793253,-0.301033
0.019240,0.637675,0.944803,0.611048,0.956194
0.019250,0.769913,-0.345965,-0.793286,0.302663
0.019260,-0.635654,-0.943809,-0.612293,-0.955073
0.019270,-0.772271,0.343569,0.791426,-0.302169
0.019280,0.641207,0.944449,0.610913,0.958078
0.019290,0.769257,-0.340384,-0.788453,0.300661
0.019300,-0.643669,-0.943710,-0.608064,-0.957738
0.019310,-0.769345,0.339741,0.793412,-0.305812
0.019320,0.638775,0.936671,0.613842,0.954531
0.019330,0.768989,-0.335959,-0.791738,0.299607
0.019340,-0.636206,-0.937465,-0.610503,-0.954239
0.019350,-0.765717,0.341537,0.794356,-0.303430
0.019360,0.644750,0.942344,0.609724,0.953679
0.019370,0.774069,-0.336002,-0.794511,0.302672
0.019380,-0.641785,-0.935431,-0.604643,-0.951191
0.019390,-0.766356,0.339637,0.787921,-0.301113
0.019400,0.636094,0.941633,0.611681,0.950148
0.019410,0.767355,-0.340935,-0.790077,0.301435
0.019420,-0.644667,-0.943126,-0.606194,-0.954297
0.019430,-0.769150,0.337975,0.797209,-0.301588
0.019440,0.636116,0.938961,0.618029,0.953471
0.019450,0.767368,-0.340604,-0.792639,0.297597
0.019460,-0.646594,-0.940471,-0.616319,-0.945430
0.019470,-0.768504,0.337472,0.797720,-0.305276
0.019480,0.647859,0.935760,0.611540,0.955490
0.019490,0.771747,-0.341625,-0.797253,0.304178
0.019500,-0.645014,-0.934923,-0.609101,-0.955245
0.019510,-0.762937,0.336887,0.793369,-0.301374
0.019520,0.643389,0.938540,0.609515,0.955398
0.019530,0.764399,-0.342503,-0.795618,0.307402
0.019540,-0.639540,-0.939328,-0.606546,-0.952019
0.019550,-0.771691,0.339222,0.790787,-0.301661
0.019560,0.634647,0.940296,0.608070,0.957185
0.019570,0.769665,-0.339640,-0.795338,0.310709
0.019580,-0.638255,-0.944781,-0.607069,-0.954004
0.019590,-0.769563,0.338260,0.793771,-0.305659
0.019600,0.638465,0.942596,0.608325,0.952827
0.019610,0.772044,-0.345200,-0.788684,0.303859
0.019620,-0.634055,-0.946022,-0.606683,-0.953573
0.019630,-0.767938,0.339985,0.789618,-0.307641
0.019640,0.637285,0.945030,0.605109,0.946041
0.019650,0.771471,-0.341749,-0.797586,0.305722
0.019660,-0.635252,-0.935500,-0.614335,-0.948936
0.019670,-0.763715,0.345903,0.793547,-0.311718
0.019680,0.636280,0.933856,0.608914,0.954651
0.019690,0.766440,-0.340220,-0.792999,0.305105
0.019700,-0.643311,-0.939358,-0.611056,-0.947244
0.019710,-0.769214,0.342294,0.789639,-0.307388
0.019720,0.644248,0.938552,0.608433,0.956375
0.019730,0.764645,-0.332098,-0.788509,0.304131
0.019740,-0.634683,-0.944354,-0.608806,-0.953973
0.019750,-0.768887,0.340390,0.794986,-0.307419
0.019760,0.638530,0.941459,0.611280,0.952709
0.019770,0.768555,-0.343165,-0.790022,0.301598
0.019780,-0.640600,-0.934724,-0.610126,-0.949272
0.019790,-0.767830,0.340160,0.788840,-0.308327
0.019800,0.640773,0.941005,0.612788,0.955037
0.019810,0.765705,-0.340127,-0.790607,0.303925
0.019820,-0.641049,-0.942714,-0.615883,-0.955935
0.019830,-0.767781,0.341933,0.793946,-0.295206
0.019840,0.638984,0.939376,0.609380,0.947184
0.019850,0.766099,-0.342179,-0.791643,0.303517
0.019860,-0.634766,-0.935187,-0.609117,-0.959256
0.019870,-0.772421,0.343691,0.798492,-0.300727
0.019880,0.639421,0.938218,0.607868,0.951851
0.019890,0.767543,-0.338406,-0.792832,0.305494
0.019900,-0.640845,-0.940411,-0.608008,-0.953566
0.019910,-0.768736,0.342846,0.787005,-0.310353
0.019920,0.638426,0.942485,0.606483,0.955376
0.019930,0.772741,-0.340188,-0.791189,0.304688
0.019940,-0.639294,-0.941050,-0.608138,-0.954842
0.019950,-0.768321,0.339623,0.788418,-0.298753
0.019960,0.641163,0.939899,0.613682,0.945761
0.019970,0.769926,-0.338514,-0.793553,0.304934
0.019980,-0.639081,-0.943407,-0.613705,-0.950521
0.019990,-0.775100,0.341492,0.790935,-0.306034
0.020000,0.638947,0.943587,0.606572,0.952925
0.020010,0.772000,-0.341010,-0.791276,0.299442
0.020020,-0.643961,-0.939930,-0.610328,-0.946629
0.020030,-0.768223,0.337656,0.789754,-0.303628
0.020040,0.638307,0.944488,0.614910,0.956306
0.020050,0.767488,-0.342449,-0.794019,0.304663
0.020060,-0.641961,-0.941464,-0.609176,-0.953878
0.020070,-0.768254,0.340537,0.794106,-0.300723
0.020080,0.643470,0.937632,0.614666,0.952708
0.020090,0.769028,-0.335889,-0.791317,0.304189
0.020100,-0.640961,-0.945014,-0.609945,-0.956273
0.020110,-0.763378,0.337651,0.788247,-0.303163
0.020120,0.642079,0.935097,0.615422,0.953971
0.020130,0.772620,-0.347774,-0.795038,0.299543
0.020140,-0.636902,-0.942898,-0.614325,-0.952628
0.020150,-0.765580,0.342466,0.787449,-0.302079
0.020160,0.641635,0.938585,0.608714,0.948726
0.020170,0.767283,-0.339125,-0.793923,0.299587
0.020180,-0.637610,-0.939603,-0.614819,-0.951952
0.020190,-0.765930,0.340404,0.789613,-0.303461
0.020200,0.642342,0.943182,0.605926,0.951049
0.020210,0.767849,-0.339443,-0.788738,0.306092
0.020220,-0.641886,-0.931681,-0.611903,-0.948194
0.020230,-0.768388,0.340335,0.795535,-0.303171
0.020240,0.639137,0.936071,0.609778,0.957487
0.020250,0.765811,-0.346868,-0.795701,0.307186
0.020260,-0.639155,-0.940969,-0.607837,-0.950617
0.020270,-0.766391,0.342465,0.787550,-0.304164
0.020280,0.637180,0.940212,0.614182,0.960390
0.020290,0.764300,-0.338414,-0.791128,0.301757
0.020300,-0.641374,-0.941038,-0.613987,-0.949134
0.020310,-0.766935,0.341497,0.791856,-0.300926
0.020320,0.639880,0.950457,0.611923,0.951933
0.020330,0.764482,-0.338146,-0.792908,0.302934
0.020340,-0.637094,-0.942747,-0.607945,-0.949472
0.020350,-0.769503,0.343445,0.790466,-0.301203
0.020360,0.633491,0.941087,0.610299,0.949852
0.020370,0.770715,-0.336488,-0.793097,0.300804
0.020380,-0.636484,-0.942181,-0.612053,-0.956242
0.020390,-0.769240,0.343208,0.793926,-0.305950
0.020400,0.641882,0.939197,0.606406,0.954346
0.020410,0.768173,-0.338012,-0.793392,0.306566
0.020420,-0.636323,-0.937660,-0.609465,-0.954998
0.020430,-0.768135,0.340562,0.789992,-0.301473
0.020440,0.644098,0.939571,0.612463,0.950258
0.020450,0.775809,-0.343375,-0.791617,0.305764
0.020460,-0.639639,-0.937942,-0.606085,-0.954351
0.020470,-0.768211,0.342525,0.789549,-0.302721
