-90.000000,-71.340569
-89.900000,-71.340562
-89.800000,-71.340542
-89.700000,-71.340510
-89.600000,-71.340464
-89.500000,-71.340405
-89.400000,-71.340334
-89.300000,-71.340249
-89.200000,-71.340151
-89.100000,-71.340040
-89.000000,-71.339916
-88.900000,-71.339779
-88.800000,-71.339629
-88.700000,-71.339466
-88.600000,-71.339290
-88.500000,-71.339101
-88.400000,-71.338899
-88.300000,-71.338683
-88.200000,-71.338455
-88.100000,-71.338213
-88.000000,-71.337959
-87.900000,-71.337691
-87.800000,-71.337411
-87.700000,-71.337117
-87.600000,-71.336810
-87.500000,-71.336490
-87.400000,-71.336157
-87.300000,-71.335811
-87.200000,-71.335452
-87.100000,-71.335080
-87.000000,-71.334694
-86.900000,-71.334296
-86.800000,-71.333884
-86.700000,-71.333460
-86.600000,-71.333022
-86.500000,-71.332571
-86.400000,-71.332107
-86.300000,-71.331630
-86.200000,-71.331139
-86.100000,-71.330636
-86.000000,-71.330119
-85.900000,-71.329590
-85.800000,-71.329047
-85.700000,-71.328491
-85.600000,-71.327922
-85.500000,-71.327339
-85.400000,-71.326744
-85.300000,-71.326135
-85.200000,-71.325513
-85.100000,-71.324878
-85.000000,-71.324230
-84.900000,-71.323568
-84.800000,-71.322894
-84.700000,-71.322206
-84.600000,-71.321504
-84.500000,-71.320790
-84.400000,-71.320062
-84.300000,-71.319322
-84.200000,-71.318567
-84.100000,-71.317800
-84.000000,-71.317019
-83.900000,-71.316225
-83.800000,-71.315418
-83.700000,-71.314598
-83.600000,-71.313764
-83.500000,-71.312917
-83.400000,-71.312056
-83.300000,-71.311183
-83.200000,-71.310295
-83.100000,-71.309395
-83.000000,-71.308481
-82.900000,-71.307554
-82.800000,-71.306614
-82.700000,-71.305660
-82.600000,-71.304692
-82.500000,-71.303712
-82.400000,-71.302718
-82.300000,-71.301710
-82.200000,-71.300689
-82.100000,-71.299655
-82.000000,-71.298607
-81.900000,-71.297546
-81.800000,-71.296471
-81.700000,-71.295383
-81.600000,-71.294281
-81.500000,-71.293166
-81.400000,-71.292037
-81.300000,-71.290895
-81.200000,-71.289739
-81.100000,-71.288570
-81.000000,-71.287387
-80.900000,-71.286191
-80.800000,-71.284981
-80.700000,-71.283757
-80.600000,-71.282520
-80.500000,-71.281269
-80.400000,-71.280005
-80.300000,-71.278727
-80.200000,-71.277435
-80.100000,-71.276129
-80.000000,-71.274810
-79.900000,-71.273478
-79.800000,-71.272131
-79.700000,-71.270771
-79.600000,-71.269397
-79.500000,-71.268009
-79.400000,-71.266608
-79.300000,-71.265193
-79.200000,-71.263764
-79.100000,-71.262321
-79.000000,-71.260865
-78.900000,-71.259394
-78.800000,-71.257910
-78.700000,-71.256412
-78.600000,-71.254900
-78.500000,-71.253374
-78.400000,-71.251835
-78.300000,-71.250281
-78.200000,-71.248713
-78.100000,-71.247132
-78.000000,-71.245536
-77.900000,-71.243927
-77.800000,-71.242304
-77.700000,-71.240666
-77.600000,-71.239015
-77.500000,-71.237349
-77.400000,-71.235670
-77.300000,-71.233976
-77.200000,-71.232268
-77.100000,-71.230547
-77.000000,-71.228811
-76.900000,-71.227061
-76.800000,-71.225296
-76.700000,-71.223518
-76.600000,-71.221726
-76.500000,-71.219919
-76.400000,-71.218098
-76.300000,-71.216263
-76.200000,-71.214413
-76.100000,-71.212549
-76.000000,-71.210671
-75.900000,-71.208779
-75.800000,-71.206872
-75.700000,-71.204951
-75.600000,-71.203016
-75.500000,-71.201066
-75.400000,-71.199102
-75.300000,-71.197124
-75.200000,-71.195131
-75.100000,-71.193123
-75.000000,-71.191101
-74.900000,-71.189065
-74.800000,-71.187014
-74.700000,-71.184948
-74.600000,-71.182868
-74.500000,-71.180774
-74.400000,-71.178664
-74.300000,-71.176541
-74.200000,-71.174402
-74.100000,-71.172249
-74.000000,-71.170081
-73.900000,-71.167899
-73.800000,-71.165701
-73.700000,-71.163490
-73.600000,-71.161263
-73.500000,-71.159021
-73.400000,-71.156765
-73.300000,-71.154494
-73.200000,-71.152208
-73.100000,-71.149907
-73.000000,-71.147591
-72.900000,-71.145261
-72.800000,-71.142915
-72.700000,-71.140555
-72.600000,-71.138179
-72.500000,-71.135789
-72.400000,-71.133383
-72.300000,-71.130963
-72.200000,-71.128527
-72.100000,-71.126076
-72.000000,-71.123610
-71.900000,-71.121129
-71.800000,-71.118633
-71.700000,-71.116122
-71.600000,-71.113595
-71.500000,-71.111054
-71.400000,-71.108496
-71.300000,-71.105924
-71.200000,-71.103337
-71.100000,-71.100734
-71.000000,-71.098115
-70.900000,-71.095482
-70.800000,-71.092833
-70.700000,-71.090168
-70.600000,-71.087488
-70.500000,-71.084793
-70.400000,-71.082082
-70.300000,-71.079355
-70.200000,-71.076613
-70.100000,-71.073856
-70.000000,-71.071082
-69.900000,-71.068294
-69.800000,-71.065489
-69.700000,-71.062669
-69.600000,-71.059833
-69.500000,-71.056981
-69.400000,-71.054114
-69.300000,-71.051231
-69.200000,-71.048332
-69.100000,-71.045417
-69.000000,-71.042486
-68.900000,-71.039540
-68.800000,-71.036577
-68.700000,-71.033598
-68.600000,-71.030604
-68.500000,-71.027594
-68.400000,-71.024567
-68.300000,-71.021524
-68.200000,-71.018466
-68.100000,-71.015391
-68.000000,-71.012300
-67.900000,-71.009193
-67.800000,-71.006069
-67.700000,-71.002930
-67.600000,-70.999774
-67.500000,-70.996602
-67.400000,-70.993413
-67.300000,-70.990209
-67.200000,-70.986987
-67.100000,-70.983750
-67.000000,-70.980496
-66.900000,-70.977225
-66.800000,-70.973938
-66.700000,-70.970634
-66.600000,-70.967314
-66.500000,-70.963978
-66.400000,-70.960624
-66.300000,-70.957254
-66.200000,-70.953867
-66.100000,-70.950464
-66.000000,-70.947044
-65.900000,-70.943607
-65.800000,-70.940153
-65.700000,-70.936682
-65.600000,-70.933195
-65.500000,-70.929690
-65.400000,-70.926169
-65.300000,-70.922631
-65.200000,-70.919075
-65.100000,-70.915503
-65.000000,-70.911914
-64.900000,-70.908307
-64.800000,-70.904683
-64.700000,-70.901043
-64.600000,-70.897385
-64.500000,-70.893709
-64.400000,-70.890017
-64.300000,-70.886307
-64.200000,-70.882580
-64.100000,-70.878835
-64.000000,-70.875073
-63.900000,-70.871294
-63.800000,-70.867497
-63.700000,-70.863682
-63.600000,-70.859850
-63.500000,-70.856001
-63.400000,-70.852134
-63.300000,-70.848249
-63.200000,-70.844347
-63.100000,-70.840426
-63.000000,-70.836488
-62.900000,-70.832533
-62.800000,-70.828559
-62.700000,-70.824568
-62.600000,-70.820558
-62.500000,-70.816531
-62.400000,-70.812486
-62.300000,-70.808423
-62.200000,-70.804341
-62.100000,-70.800242
-62.000000,-70.796125
-61.900000,-70.791989
-61.800000,-70.787835
-61.700000,-70.783663
-61.600000,-70.779473
-61.500000,-70.775264
-61.400000,-70.771037
-61.300000,-70.766792
-61.200000,-70.762528
-61.100000,-70.758246
-61.000000,-70.753945
-60.900000,-70.749626
-60.800000,-70.745288
-60.700000,-70.740932
-60.600000,-70.736557
-60.500000,-70.732163
-60.400000,-70.727750
-60.300000,-70.723319
-60.200000,-70.718869
-60.100000,-70.714400
-60.000000,-70.709912
-59.900000,-70.705406
-59.800000,-70.700880
-59.700000,-70.696335
-59.600000,-70.691771
-59.500000,-70.687189
-59.400000,-70.682587
-59.300000,-70.677965
-59.200000,-70.673325
-59.100000,-70.668665
-59.000000,-70.663986
-58.900000,-70.659288
-58.800000,-70.654571
-58.700000,-70.649833
-58.600000,-70.645077
-58.500000,-70.640301
-58.400000,-70.635505
-58.300000,-70.630690
-58.200000,-70.625855
-58.100000,-70.621001
-58.000000,-70.616127
-57.900000,-70.611233
-57.800000,-70.606319
-57.700000,-70.601385
-57.600000,-70.596432
-57.500000,-70.591458
-57.400000,-70.586465
-57.300000,-70.581451
-57.200000,-70.576418
-57.100000,-70.571364
-57.000000,-70.566290
-56.900000,-70.561196
-56.800000,-70.556082
-56.700000,-70.550948
-56.600000,-70.545793
-56.500000,-70.540618
-56.400000,-70.535422
-56.300000,-70.530206
-56.200000,-70.524969
-56.100000,-70.519712
-56.000000,-70.514434
-55.900000,-70.509135
-55.800000,-70.503816
-55.700000,-70.498476
-55.600000,-70.493115
-55.500000,-70.487734
-55.400000,-70.482331
-55.300000,-70.476907
-55.200000,-70.471463
-55.100000,-70.465997
-55.000000,-70.460511
-54.900000,-70.455003
-54.800000,-70.449474
-54.700000,-70.443924
-54.600000,-70.438353
-54.500000,-70.432760
-54.400000,-70.427146
-54.300000,-70.421510
-54.200000,-70.415853
-54.100000,-70.410174
-54.000000,-70.404474
-53.900000,-70.398752
-53.800000,-70.393009
-53.700000,-70.387244
-53.600000,-70.381457
-53.500000,-70.375648
-53.400000,-70.369817
-53.300000,-70.363965
-53.200000,-70.358090
-53.100000,-70.352194
-53.000000,-70.346275
-52.900000,-70.340334
-52.800000,-70.334371
-52.700000,-70.328386
-52.600000,-70.322378
-52.500000,-70.316348
-52.400000,-70.310296
-52.300000,-70.304221
-52.200000,-70.298124
-52.100000,-70.292004
-52.000000,-70.285862
-51.900000,-70.279697
-51.800000,-70.273509
-51.700000,-70.267298
-51.600000,-70.261065
-51.500000,-70.254809
-51.400000,-70.248530
-51.300000,-70.242227
-51.200000,-70.235902
-51.100000,-70.229554
-51.000000,-70.223182
-50.900000,-70.216788
-50.800000,-70.210370
-50.700000,-70.203929
-50.600000,-70.197464
-50.500000,-70.190976
-50.400000,-70.184464
-50.300000,-70.177929
-50.200000,-70.171370
-50.100000,-70.164788
-50.000000,-70.158182
-49.900000,-70.151552
-49.800000,-70.144899
-49.700000,-70.138221
-49.600000,-70.131519
-49.500000,-70.124794
-49.400000,-70.118044
-49.300000,-70.111271
-49.200000,-70.104473
-49.100000,-70.097651
-49.000000,-70.090804
-48.900000,-70.083933
-48.800000,-70.077038
-48.700000,-70.070119
-48.600000,-70.063174
-48.500000,-70.056206
-48.400000,-70.049212
-48.300000,-70.042194
-48.200000,-70.035151
-48.100000,-70.028083
-48.000000,-70.020990
-47.900000,-70.013873
-47.800000,-70.006730
-47.700000,-69.999562
-47.600000,-69.992369
-47.500000,-69.985151
-47.400000,-69.977908
-47.300000,-69.970639
-47.200000,-69.963345
-47.100000,-69.956025
-47.000000,-69.948680
-46.900000,-69.941309
-46.800000,-69.933912
-46.700000,-69.926490
-46.600000,-69.919042
-46.500000,-69.911569
-46.400000,-69.904069
-46.300000,-69.896543
-46.200000,-69.888991
-46.100000,-69.881413
-46.000000,-69.873809
-45.900000,-69.866179
-45.800000,-69.858522
-45.700000,-69.850839
-45.600000,-69.843130
-45.500000,-69.835394
-45.400000,-69.827632
-45.300000,-69.819842
-45.200000,-69.812027
-45.100000,-69.804184
-45.000000,-69.796314
-44.900000,-69.788418
-44.800000,-69.780494
-44.700000,-69.772544
-44.600000,-69.764566
-44.500000,-69.756561
-44.400000,-69.748529
-44.300000,-69.740470
-44.200000,-69.732383
-44.100000,-69.724269
-44.000000,-69.716127
-43.900000,-69.707957
-43.800000,-69.699760
-43.700000,-69.691535
-43.600000,-69.683282
-43.500000,-69.675002
-43.400000,-69.666693
-43.300000,-69.658356
-43.200000,-69.649991
-43.100000,-69.641598
-43.000000,-69.633177
-42.900000,-69.624727
-42.800000,-69.616249
-42.700000,-69.607742
-42.600000,-69.599207
-42.500000,-69.590643
-42.400000,-69.582051
-42.300000,-69.573429
-42.200000,-69.564779
-42.100000,-69.556100
-42.000000,-69.547392
-41.900000,-69.538654
-41.800000,-69.529888
-41.700000,-69.521092
-41.600000,-69.512267
-41.500000,-69.503413
-41.400000,-69.494529
-41.300000,-69.485615
-41.200000,-69.476672
-41.100000,-69.467699
-41.000000,-69.458696
-40.900000,-69.449663
-40.800000,-69.440601
-40.700000,-69.431508
-40.600000,-69.422385
-40.500000,-69.413232
-40.400000,-69.404049
-40.300000,-69.394835
-40.200000,-69.385591
-40.100000,-69.376316
-40.000000,-69.367011
-39.900000,-69.357675
-39.800000,-69.348308
-39.700000,-69.338910
-39.600000,-69.329482
-39.500000,-69.320022
-39.400000,-69.310531
-39.300000,-69.301009
-39.200000,-69.291456
-39.100000,-69.281871
-39.000000,-69.272255
-38.900000,-69.262607
-38.800000,-69.252928
-38.700000,-69.243217
-38.600000,-69.233474
-38.500000,-69.223699
-38.400000,-69.213893
-38.300000,-69.204054
-38.200000,-69.194183
-38.100000,-69.184279
-38.000000,-69.174344
-37.900000,-69.164376
-37.800000,-69.154375
-37.700000,-69.144342
-37.600000,-69.134276
-37.500000,-69.124177
-37.400000,-69.114046
-37.300000,-69.103881
-37.200000,-69.093684
-37.100000,-69.083453
-37.000000,-69.073189
-36.900000,-69.062891
-36.800000,-69.052560
-36.700000,-69.042196
-36.600000,-69.031798
-36.500000,-69.021366
-36.400000,-69.010901
-36.300000,-69.000401
-36.200000,-68.989867
-36.100000,-68.979300
-36.000000,-68.968698
-35.900000,-68.958062
-35.800000,-68.947391
-35.700000,-68.936686
-35.600000,-68.925946
-35.500000,-68.915172
-35.400000,-68.904362
-35.300000,-68.893518
-35.200000,-68.882639
-35.100000,-68.871725
-35.000000,-68.860775
-34.900000,-68.849790
-34.800000,-68.838770
-34.700000,-68.827714
-34.600000,-68.816623
-34.500000,-68.805496
-34.400000,-68.794333
-34.300000,-68.783134
-34.200000,-68.771899
-34.100000,-68.760628
-34.000000,-68.749321
-33.900000,-68.737977
-33.800000,-68.726597
-33.700000,-68.715180
-33.600000,-68.703727
-33.500000,-68.692236
-33.400000,-68.680709
-33.300000,-68.669145
-33.200000,-68.657544
-33.100000,-68.645906
-33.000000,-68.634230
-32.900000,-68.622516
-32.800000,-68.610766
-32.700000,-68.598977
-32.600000,-68.587151
-32.500000,-68.575287
-32.400000,-68.563384
-32.300000,-68.551444
-32.200000,-68.539465
-32.100000,-68.527448
-32.000000,-68.515393
-31.900000,-68.503299
-31.800000,-68.491166
-31.700000,-68.478995
-31.600000,-68.466784
-31.500000,-68.454534
-31.400000,-68.442246
-31.300000,-68.429918
-31.200000,-68.417550
-31.100000,-68.405143
-31.000000,-68.392696
-30.900000,-68.380210
-30.800000,-68.367683
-30.700000,-68.355117
-30.600000,-68.342510
-30.500000,-68.329863
-30.400000,-68.317175
-30.300000,-68.304447
-30.200000,-68.291679
-30.100000,-68.278869
-30.000000,-68.266019
-29.900000,-68.253128
-29.800000,-68.240195
-29.700000,-68.227221
-29.600000,-68.214206
-29.500000,-68.201149
-29.400000,-68.188050
-29.300000,-68.174910
-29.200000,-68.161727
-29.100000,-68.148503
-29.000000,-68.135236
-28.900000,-68.121927
-28.800000,-68.108575
-28.700000,-68.095181
-28.600000,-68.081744
-28.500000,-68.068264
-28.400000,-68.054740
-28.300000,-68.041174
-28.200000,-68.027564
-28.100000,-68.013911
-28.000000,-68.000215
-27.900000,-67.986474
-27.800000,-67.972690
-27.700000,-67.958861
-27.600000,-67.944988
-27.500000,-67.931071
-27.400000,-67.917110
-27.300000,-67.903104
-27.200000,-67.889053
-27.100000,-67.874957
-27.000000,-67.860816
-26.900000,-67.846630
-26.800000,-67.832398
-26.700000,-67.818121
-26.600000,-67.803798
-26.500000,-67.789429
-26.400000,-67.775015
-26.300000,-67.760554
-26.200000,-67.746047
-26.100000,-67.731493
-26.000000,-67.716893
-25.900000,-67.702246
-25.800000,-67.687552
-25.700000,-67.672811
-25.600000,-67.658023
-25.500000,-67.643187
-25.400000,-67.628304
-25.300000,-67.613373
-25.200000,-67.598394
-25.100000,-67.583367
-25.000000,-67.568292
-24.900000,-67.553168
-24.800000,-67.537996
-24.700000,-67.522775
-24.600000,-67.507505
-24.500000,-67.492186
-24.400000,-67.476818
-24.300000,-67.461400
-24.200000,-67.445933
-24.100000,-67.430416
-24.000000,-67.414849
-23.900000,-67.399232
-23.800000,-67.383565
-23.700000,-67.367847
-23.600000,-67.352078
-23.500000,-67.336258
-23.400000,-67.320388
-23.300000,-67.304466
-23.200000,-67.288493
-23.100000,-67.272468
-23.000000,-67.256392
-22.900000,-67.240263
-22.800000,-67.224083
-22.700000,-67.207850
-22.600000,-67.191564
-22.500000,-67.175226
-22.400000,-67.158835
-22.300000,-67.142391
-22.200000,-67.125893
-22.100000,-67.109342
-22.000000,-67.092737
-21.900000,-67.076079
-21.800000,-67.059366
-21.700000,-67.042599
-21.600000,-67.025777
-21.500000,-67.008901
-21.400000,-66.991970
-21.300000,-66.974983
-21.200000,-66.957942
-21.100000,-66.940844
-21.000000,-66.923691
-20.900000,-66.906482
-20.800000,-66.889217
-20.700000,-66.871895
-20.600000,-66.854517
-20.500000,-66.837082
-20.400000,-66.819590
-20.300000,-66.802041
-20.200000,-66.784434
-20.100000,-66.766769
-20.000000,-66.749047
-19.900000,-66.731266
-19.800000,-66.713427
-19.700000,-66.695530
-19.600000,-66.677573
-19.500000,-66.659557
-19.400000,-66.641482
-19.300000,-66.623348
-19.200000,-66.605154
-19.100000,-66.586899
-19.000000,-66.568585
-18.900000,-66.550210
-18.800000,-66.531774
-18.700000,-66.513277
-18.600000,-66.494719
-18.500000,-66.476099
-18.400000,-66.457418
-18.300000,-66.438674
-18.200000,-66.419869
-18.100000,-66.401001
-18.000000,-66.382070
-17.900000,-66.363076
-17.800000,-66.344019
-17.700000,-66.324898
-17.600000,-66.305713
-17.500000,-66.286465
-17.400000,-66.267152
-17.300000,-66.247774
-17.200000,-66.228332
-17.100000,-66.208824
-17.000000,-66.189251
-16.900000,-66.169612
-16.800000,-66.149908
-16.700000,-66.130137
-16.600000,-66.110299
-16.500000,-66.090395
-16.400000,-66.070423
-16.300000,-66.050384
-16.200000,-66.030278
-16.100000,-66.010103
-16.000000,-65.989860
-15.900000,-65.969549
-15.800000,-65.949168
-15.700000,-65.928719
-15.600000,-65.908200
-15.500000,-65.887611
-15.400000,-65.866952
-15.300000,-65.846223
-15.200000,-65.825422
-15.100000,-65.804551
-15.000000,-65.783609
-14.900000,-65.762594
-14.800000,-65.741508
-14.700000,-65.720350
-14.600000,-65.699118
-14.500000,-65.677814
-14.400000,-65.656436
-14.300000,-65.634985
-14.200000,-65.613460
-14.100000,-65.591860
-14.000000,-65.570186
-13.900000,-65.548436
-13.800000,-65.526612
-13.700000,-65.504711
-13.600000,-65.482735
-13.500000,-65.460682
-13.400000,-65.438552
-13.300000,-65.416345
-13.200000,-65.394060
-13.100000,-65.371698
-13.000000,-65.349257
-12.900000,-65.326738
-12.800000,-65.304140
-12.700000,-65.281462
-12.600000,-65.258704
-12.500000,-65.235867
-12.400000,-65.212948
-12.300000,-65.189949
-12.200000,-65.166868
-12.100000,-65.143706
-12.000000,-65.120461
-11.900000,-65.097134
-11.800000,-65.073724
-11.700000,-65.050231
-11.600000,-65.026654
-11.500000,-65.002992
-11.400000,-64.979246
-11.300000,-64.955415
-11.200000,-64.931498
-11.100000,-64.907495
-11.000000,-64.883406
-10.900000,-64.859231
-10.800000,-64.834968
-10.700000,-64.810617
-10.600000,-64.786178
-10.500000,-64.761650
-10.400000,-64.737034
-10.300000,-64.712327
-10.200000,-64.687531
-10.100000,-64.662644
-10.000000,-64.637667
-9.900000,-64.612598
-9.800000,-64.587437
-9.700000,-64.562183
-9.600000,-64.536837
-9.500000,-64.511397
-9.400000,-64.485863
-9.300000,-64.460235
-9.200000,-64.434512
-9.100000,-64.408693
-9.000000,-64.382779
-8.900000,-64.356768
-8.800000,-64.330660
-8.700000,-64.304454
-8.600000,-64.278150
-8.500000,-64.251748
-8.400000,-64.225246
-8.300000,-64.198645
-8.200000,-64.171943
-8.100000,-64.145141
-8.000000,-64.118236
-7.900000,-64.091230
-7.800000,-64.064122
-7.700000,-64.036910
-7.600000,-64.009594
-7.500000,-63.982174
-7.400000,-63.954648
-7.300000,-63.927017
-7.200000,-63.899280
-7.100000,-63.871436
-7.000000,-63.843485
-6.900000,-63.815425
-6.800000,-63.787257
-6.700000,-63.758979
-6.600000,-63.730591
-6.500000,-63.702092
-6.400000,-63.673482
-6.300000,-63.644760
-6.200000,-63.615925
-6.100000,-63.586977
-6.000000,-63.557914
-5.900000,-63.528737
-5.800000,-63.499444
-5.700000,-63.470035
-5.600000,-63.440508
-5.500000,-63.410864
-5.400000,-63.381102
-5.300000,-63.351220
-5.200000,-63.321218
-5.100000,-63.291096
-5.000000,-63.260852
-4.900000,-63.230486
-4.800000,-63.199997
-4.700000,-63.169383
-4.600000,-63.138646
-4.500000,-63.107782
-4.400000,-63.076793
-4.300000,-63.045676
-4.200000,-63.014431
-4.100000,-62.983058
-4.000000,-62.951554
-3.900000,-62.919921
-3.800000,-62.888155
-3.700000,-62.856258
-3.600000,-62.824227
-3.500000,-62.792062
-3.400000,-62.759763
-3.300000,-62.727327
-3.200000,-62.694754
-3.100000,-62.662044
-3.000000,-62.629194
-2.900000,-62.596205
-2.800000,-62.563075
-2.700000,-62.529804
-2.600000,-62.496390
-2.500000,-62.462832
-2.400000,-62.429129
-2.300000,-62.395280
-2.200000,-62.361285
-2.100000,-62.327141
-2.000000,-62.292849
-1.900000,-62.258407
-1.800000,-62.223813
-1.700000,-62.189067
-1.600000,-62.154168
-1.500000,-62.119114
-1.400000,-62.083904
-1.300000,-62.048538
-1.200000,-62.013013
-1.100000,-61.977330
-1.000000,-61.941485
-0.900000,-61.905479
-0.800000,-61.869311
-0.700000,-61.832978
-0.600000,-61.796479
-0.500000,-61.759814
-0.400000,-61.722980
-0.300000,-61.685978
-0.200000,-61.648804
-0.100000,-61.611459
0.000000,-61.573940
0.100000,-61.536246
0.200000,-61.498376
0.300000,-61.460328
0.400000,-61.422101
0.500000,-61.383694
0.600000,-61.345104
0.700000,-61.306331
0.800000,-61.267373
0.900000,-61.228228
1.000000,-61.188895
1.100000,-61.149372
1.200000,-61.109658
1.300000,-61.069751
1.400000,-61.029649
1.500000,-60.989351
1.600000,-60.948854
1.700000,-60.908158
1.800000,-60.867261
1.900000,-60.826160
2.000000,-60.784854
2.100000,-60.743341
2.200000,-60.701620
2.300000,-60.659687
2.400000,-60.617543
2.500000,-60.575184
2.600000,-60.532608
2.700000,-60.489814
2.800000,-60.446800
2.900000,-60.403563
3.000000,-60.360102
3.100000,-60.316414
3.200000,-60.272498
3.300000,-60.228350
3.400000,-60.183970
3.500000,-60.139354
3.600000,-60.094501
3.700000,-60.049407
3.800000,-60.004072
3.900000,-59.958492
4.000000,-59.912664
4.100000,-59.866588
4.200000,-59.820259
4.300000,-59.773676
4.400000,-59.726836
4.500000,-59.679736
4.600000,-59.632374
4.700000,-59.584748
4.800000,-59.536853
4.900000,-59.488688
5.000000,-59.440249
5.100000,-59.391535
5.200000,-59.342541
5.300000,-59.293265
5.400000,-59.243705
5.500000,-59.193856
5.600000,-59.143715
5.700000,-59.093281
5.800000,-59.042548
5.900000,-58.991515
6.000000,-58.940177
6.100000,-58.888532
6.200000,-58.836576
6.300000,-58.784305
6.400000,-58.731715
6.500000,-58.678804
6.600000,-58.625567
6.700000,-58.572001
6.800000,-58.518101
6.900000,-58.463865
7.000000,-58.409287
7.100000,-58.354364
7.200000,-58.299092
7.300000,-58.243466
7.400000,-58.187482
7.500000,-58.131136
7.600000,-58.074423
7.700000,-58.017339
7.800000,-57.959879
7.900000,-57.902038
8.000000,-57.843812
8.100000,-57.785196
8.200000,-57.726184
8.300000,-57.666771
8.400000,-57.606953
8.500000,-57.546724
8.600000,-57.486078
8.700000,-57.425010
8.800000,-57.363514
8.900000,-57.301585
9.000000,-57.239217
9.100000,-57.176403
9.200000,-57.113137
9.300000,-57.049413
9.400000,-56.985226
9.500000,-56.920567
9.600000,-56.855430
9.700000,-56.789809
9.800000,-56.723697
9.900000,-56.657086
10.000000,-56.589969
10.100000,-56.522338
10.200000,-56.454186
10.300000,-56.385506
10.400000,-56.316288
10.500000,-56.246524
10.600000,-56.176207
10.700000,-56.105328
10.800000,-56.033878
10.900000,-55.961847
11.000000,-55.889226
11.100000,-55.816007
11.200000,-55.742179
11.300000,-55.667732
11.400000,-55.592657
11.500000,-55.516941
11.600000,-55.440576
11.700000,-55.363549
11.800000,-55.285850
11.900000,-55.207466
12.000000,-55.128387
12.100000,-55.048598
12.200000,-54.968089
12.300000,-54.886846
12.400000,-54.804855
12.500000,-54.722104
12.600000,-54.638577
12.700000,-54.554261
12.800000,-54.469140
12.900000,-54.383200
13.000000,-54.296424
13.100000,-54.208797
13.200000,-54.120301
13.300000,-54.030919
13.400000,-53.940634
13.500000,-53.849428
13.600000,-53.757280
13.700000,-53.664173
13.800000,-53.570086
13.900000,-53.474998
14.000000,-53.378887
14.100000,-53.281733
14.200000,-53.183511
14.300000,-53.084198
14.400000,-52.983771
14.500000,-52.882203
14.600000,-52.779468
14.700000,-52.675540
14.800000,-52.570391
14.900000,-52.463991
15.000000,-52.356310
15.100000,-52.247317
15.200000,-52.136981
15.300000,-52.025267
15.400000,-51.912140
15.500000,-51.797564
15.600000,-51.681503
15.700000,-51.563915
15.800000,-51.444762
15.900000,-51.324000
16.000000,-51.201586
16.100000,-51.077472
16.200000,-50.951613
16.300000,-50.823956
16.400000,-50.694451
16.500000,-50.563043
16.600000,-50.429674
16.700000,-50.294285
16.800000,-50.156813
16.900000,-50.017194
17.000000,-49.875359
17.100000,-49.731235
17.200000,-49.584748
17.300000,-49.435817
17.400000,-49.284361
17.500000,-49.130290
17.600000,-48.973513
17.700000,-48.813932
17.800000,-48.651445
17.900000,-48.485943
18.000000,-48.317310
18.100000,-48.145426
18.200000,-47.970162
18.300000,-47.791381
18.400000,-47.608938
18.500000,-47.422679
18.600000,-47.232440
18.700000,-47.038045
18.800000,-46.839307
18.900000,-46.636026
19.000000,-46.427988
19.100000,-46.214964
19.200000,-45.996706
19.300000,-45.772950
19.400000,-45.543407
19.500000,-45.307769
19.600000,-45.065700
19.700000,-44.816838
19.800000,-44.560785
19.900000,-44.297112
20.000000,-44.025348
20.100000,-43.744974
20.200000,-43.455425
20.300000,-43.156075
20.400000,-42.846231
20.500000,-42.525125
20.600000,-42.191902
20.700000,-41.845605
20.800000,-41.485158
20.900000,-41.109346
21.000000,-40.716793
21.100000,-40.305927
21.200000,-39.874943
21.300000,-39.421756
21.400000,-38.943940
21.500000,-38.438645
21.600000,-37.902500
21.700000,-37.331467
21.800000,-36.720663
21.900000,-36.064101
22.000000,-35.354330
22.100000,-34.581914
22.200000,-33.734665
22.300000,-32.796445
22.400000,-31.745260
22.500000,-30.550022
22.600000,-29.164738
22.700000,-27.517112
22.800000,-25.483679
22.900000,-22.826093
23.000000,-18.981211
23.100000,-11.920470
23.200000,0.000000
23.300000,-15.477319
23.400000,-20.731345
23.500000,-23.979782
23.600000,-26.336992
23.700000,-28.187853
23.800000,-29.711680
23.900000,-31.006715
24.000000,-32.132656
24.100000,-33.128509
24.200000,-34.021168
24.300000,-34.829961
24.400000,-35.569249
24.500000,-36.249992
24.600000,-36.880745
24.700000,-37.468315
24.800000,-38.018206
24.900000,-38.534934
25.000000,-39.022246
25.100000,-39.483290
25.200000,-39.920732
25.300000,-40.336852
25.400000,-40.733616
25.500000,-41.112728
25.600000,-41.475677
25.700000,-41.823771
25.800000,-42.158166
25.900000,-42.479887
26.000000,-42.789849
26.100000,-43.088870
26.200000,-43.377685
26.300000,-43.656961
26.400000,-43.927296
26.500000,-44.189239
26.600000,-44.443285
26.700000,-44.689889
26.800000,-44.929469
26.900000,-45.162404
27.000000,-45.389049
27.100000,-45.609726
27.200000,-45.824736
27.300000,-46.034358
27.400000,-46.238847
27.500000,-46.438446
27.600000,-46.633376
27.700000,-46.823845
27.800000,-47.010050
27.900000,-47.192171
28.000000,-47.370380
28.100000,-47.544836
28.200000,-47.715690
28.300000,-47.883084
28.400000,-48.047151
28.500000,-48.208016
28.600000,-48.365799
28.700000,-48.520612
28.800000,-48.672560
28.900000,-48.821745
29.000000,-48.968261
29.100000,-49.112200
29.200000,-49.253647
29.300000,-49.392684
29.400000,-49.529389
29.500000,-49.663834
29.600000,-49.796092
29.700000,-49.926229
29.800000,-50.054310
29.900000,-50.180395
30.000000,-50.304543
30.100000,-50.426811
30.200000,-50.547251
30.300000,-50.665916
30.400000,-50.782853
30.500000,-50.898112
30.600000,-51.011735
30.700000,-51.123768
30.800000,-51.234252
30.900000,-51.343226
31.000000,-51.450730
31.100000,-51.556800
31.200000,-51.661473
31.300000,-51.764781
31.400000,-51.866759
31.500000,-51.967438
31.600000,-52.066849
31.700000,-52.165021
31.800000,-52.261984
31.900000,-52.357765
32.000000,-52.452390
32.100000,-52.545885
32.200000,-52.638276
32.300000,-52.729585
32.400000,-52.819837
32.500000,-52.909054
32.600000,-52.997258
32.700000,-53.084470
32.800000,-53.170710
32.900000,-53.255999
33.000000,-53.340354
33.100000,-53.423796
33.200000,-53.506342
33.300000,-53.588010
33.400000,-53.668817
33.500000,-53.748778
33.600000,-53.827911
33.700000,-53.906231
33.800000,-53.983753
33.900000,-54.060491
34.000000,-54.136461
34.100000,-54.211675
34.200000,-54.286148
34.300000,-54.359892
34.400000,-54.432921
34.500000,-54.505246
34.600000,-54.576881
34.700000,-54.647836
34.800000,-54.718124
34.900000,-54.787755
35.000000,-54.856741
35.100000,-54.925092
35.200000,-54.992818
35.300000,-55.059930
35.400000,-55.126438
35.500000,-55.192351
35.600000,-55.257679
35.700000,-55.322430
35.800000,-55.386614
35.900000,-55.450239
36.000000,-55.513315
36.100000,-55.575849
36.200000,-55.637849
36.300000,-55.699324
36.400000,-55.760282
36.500000,-55.820729
36.600000,-55.880673
36.700000,-55.940122
36.800000,-55.999083
36.900000,-56.057562
37.000000,-56.115567
37.100000,-56.173104
37.200000,-56.230180
37.300000,-56.286800
37.400000,-56.342972
37.500000,-56.398701
37.600000,-56.453994
37.700000,-56.508856
37.800000,-56.563292
37.900000,-56.617310
38.000000,-56.670913
38.100000,-56.724108
38.200000,-56.776899
38.300000,-56.829292
38.400000,-56.881293
38.500000,-56.932905
38.600000,-56.984134
38.700000,-57.034985
38.800000,-57.085462
38.900000,-57.135570
39.000000,-57.185313
39.100000,-57.234696
39.200000,-57.283724
39.300000,-57.332400
39.400000,-57.380729
39.500000,-57.428714
39.600000,-57.476360
39.700000,-57.523672
39.800000,-57.570651
39.900000,-57.617304
40.000000,-57.663632
40.100000,-57.709641
40.200000,-57.755333
40.300000,-57.800712
40.400000,-57.845781
40.500000,-57.890545
40.600000,-57.935006
40.700000,-57.979168
40.800000,-58.023034
40.900000,-58.066607
41.000000,-58.109891
41.100000,-58.152888
41.200000,-58.195601
41.300000,-58.238034
41.400000,-58.280189
41.500000,-58.322070
41.600000,-58.363678
41.700000,-58.405018
41.800000,-58.446092
41.900000,-58.486902
42.000000,-58.527451
42.100000,-58.567741
42.200000,-58.607777
42.300000,-58.647559
42.400000,-58.687090
42.500000,-58.726373
42.600000,-58.765411
42.700000,-58.804205
42.800000,-58.842758
42.900000,-58.881073
43.000000,-58.919151
43.100000,-58.956995
43.200000,-58.994607
43.300000,-59.031990
43.400000,-59.069145
43.500000,-59.106074
43.600000,-59.142780
43.700000,-59.179265
43.800000,-59.215531
43.900000,-59.251579
44.000000,-59.287412
44.100000,-59.323031
44.200000,-59.358439
44.300000,-59.393638
44.400000,-59.428629
44.500000,-59.463414
44.600000,-59.497994
44.700000,-59.532373
44.800000,-59.566551
44.900000,-59.600530
45.000000,-59.634312
45.100000,-59.667898
45.200000,-59.701291
45.300000,-59.734492
45.400000,-59.767502
45.500000,-59.800323
45.600000,-59.832957
45.700000,-59.865405
45.800000,-59.897669
45.900000,-59.929750
46.000000,-59.961650
46.100000,-59.993370
46.200000,-60.024912
46.300000,-60.056276
46.400000,-60.087466
46.500000,-60.118481
46.600000,-60.149324
46.700000,-60.179995
46.800000,-60.210496
46.900000,-60.240828
47.000000,-60.270994
47.100000,-60.300993
47.200000,-60.330827
47.300000,-60.360498
47.400000,-60.390006
47.500000,-60.419353
47.600000,-60.448541
47.700000,-60.477570
47.800000,-60.506441
47.900000,-60.535156
48.000000,-60.563716
48.100000,-60.592122
48.200000,-60.620375
48.300000,-60.648477
48.400000,-60.676427
48.500000,-60.704228
48.600000,-60.731881
48.700000,-60.759386
48.800000,-60.786745
48.900000,-60.813959
49.000000,-60.841028
49.100000,-60.867954
49.200000,-60.894738
49.300000,-60.921380
49.400000,-60.947882
49.500000,-60.974245
49.600000,-61.000469
49.700000,-61.026556
49.800000,-61.052506
49.900000,-61.078321
50.000000,-61.104001
50.100000,-61.129547
50.200000,-61.154961
50.300000,-61.180242
50.400000,-61.205393
50.500000,-61.230413
50.600000,-61.255303
50.700000,-61.280065
50.800000,-61.304700
50.900000,-61.329207
51.000000,-61.353589
51.100000,-61.377845
51.200000,-61.401977
51.300000,-61.425985
51.400000,-61.449870
51.500000,-61.473633
51.600000,-61.497275
51.700000,-61.520796
51.800000,-61.544197
51.900000,-61.567479
52.000000,-61.590643
52.100000,-61.613689
52.200000,-61.636619
52.300000,-61.659432
52.400000,-61.682129
52.500000,-61.704712
52.600000,-61.727181
52.700000,-61.749536
52.800000,-61.771779
52.900000,-61.793909
53.000000,-61.815928
53.100000,-61.837836
53.200000,-61.859634
53.300000,-61.881323
53.400000,-61.902903
53.500000,-61.924375
53.600000,-61.945739
53.700000,-61.966996
53.800000,-61.988146
53.900000,-62.009191
54.000000,-62.030131
54.100000,-62.050967
54.200000,-62.071698
54.300000,-62.092326
54.400000,-62.112851
54.500000,-62.133274
54.600000,-62.153595
54.700000,-62.173815
54.800000,-62.193934
54.900000,-62.213954
55.000000,-62.233874
55.100000,-62.253695
55.200000,-62.273418
55.300000,-62.293042
55.400000,-62.312570
55.500000,-62.332000
55.600000,-62.351335
55.700000,-62.370573
55.800000,-62.389716
55.900000,-62.408764
56.000000,-62.427718
56.100000,-62.446578
56.200000,-62.465345
56.300000,-62.484019
56.400000,-62.502601
56.500000,-62.521090
56.600000,-62.539488
56.700000,-62.557795
56.800000,-62.576012
56.900000,-62.594138
57.000000,-62.612175
57.100000,-62.630123
57.200000,-62.647982
57.300000,-62.665752
57.400000,-62.683435
57.500000,-62.701030
57.600000,-62.718539
57.700000,-62.735960
57.800000,-62.753296
57.900000,-62.770546
58.000000,-62.787710
58.100000,-62.804789
58.200000,-62.821784
58.300000,-62.838695
58.400000,-62.855522
58.500000,-62.872265
58.600000,-62.888926
58.700000,-62.905504
58.800000,-62.922000
58.900000,-62.938414
59.000000,-62.954747
59.100000,-62.970998
59.200000,-62.987169
59.300000,-63.003259
59.400000,-63.019270
59.500000,-63.035201
59.600000,-63.051053
59.700000,-63.066825
59.800000,-63.082519
59.900000,-63.098135
60.000000,-63.113674
60.100000,-63.129134
60.200000,-63.144518
60.300000,-63.159824
60.400000,-63.175054
60.500000,-63.190208
60.600000,-63.205286
60.700000,-63.220289
60.800000,-63.235216
60.900000,-63.250069
61.000000,-63.264846
61.100000,-63.279550
61.200000,-63.294180
61.300000,-63.308736
61.400000,-63.323219
61.500000,-63.337628
61.600000,-63.351965
61.700000,-63.366230
61.800000,-63.380422
61.900000,-63.394543
62.000000,-63.408592
62.100000,-63.422570
62.200000,-63.436476
62.300000,-63.450312
62.400000,-63.464078
62.500000,-63.477774
62.600000,-63.491400
62.700000,-63.504956
62.800000,-63.518443
62.900000,-63.531860
63.000000,-63.545209
63.100000,-63.558490
63.200000,-63.571702
63.300000,-63.584847
63.400000,-63.597923
63.500000,-63.610933
63.600000,-63.623875
63.700000,-63.636750
63.800000,-63.649558
63.900000,-63.662300
64.000000,-63.674976
64.100000,-63.687586
64.200000,-63.700130
64.300000,-63.712608
64.400000,-63.725022
64.500000,-63.737370
64.600000,-63.749654
64.700000,-63.761873
64.800000,-63.774028
64.900000,-63.786118
65.000000,-63.798145
65.100000,-63.810108
65.200000,-63.822008
65.300000,-63.833845
65.400000,-63.845619
65.500000,-63.857330
65.600000,-63.868979
65.700000,-63.880565
65.800000,-63.892089
65.900000,-63.903552
66.000000,-63.914952
66.100000,-63.926292
66.200000,-63.937570
66.300000,-63.948787
66.400000,-63.959943
66.500000,-63.971038
66.600000,-63.982073
66.700000,-63.993048
66.800000,-64.003963
66.900000,-64.014818
67.000000,-64.025614
67.100000,-64.036350
67.200000,-64.047026
67.300000,-64.057644
67.400000,-64.068203
67.500000,-64.078703
67.600000,-64.089145
67.700000,-64.099528
67.800000,-64.109853
67.900000,-64.120120
68.000000,-64.130330
68.100000,-64.140481
68.200000,-64.150576
68.300000,-64.160613
68.400000,-64.170593
68.500000,-64.180516
68.600000,-64.190383
68.700000,-64.200192
68.800000,-64.209946
68.900000,-64.219643
69.000000,-64.229284
69.100000,-64.238870
69.200000,-64.248399
69.300000,-64.257873
69.400000,-64.267292
69.500000,-64.276655
69.600000,-64.285964
69.700000,-64.295217
69.800000,-64.304416
69.900000,-64.313560
70.000000,-64.322649
70.100000,-64.331684
70.200000,-64.340665
70.300000,-64.349592
70.400000,-64.358465
70.500000,-64.367285
70.600000,-64.376051
70.700000,-64.384763
70.800000,-64.393422
70.900000,-64.402028
71.000000,-64.410581
71.100000,-64.419081
71.200000,-64.427528
71.300000,-64.435923
71.400000,-64.444266
71.500000,-64.452556
71.600000,-64.460793
71.700000,-64.468979
71.800000,-64.477113
71.900000,-64.485195
72.000000,-64.493226
72.100000,-64.501205
72.200000,-64.509132
72.300000,-64.517008
72.400000,-64.524833
72.500000,-64.532608
72.600000,-64.540331
72.700000,-64.548003
72.800000,-64.555625
72.900000,-64.563196
73.000000,-64.570717
73.100000,-64.578188
73.200000,-64.585608
73.300000,-64.592979
73.400000,-64.600299
73.500000,-64.607570
73.600000,-64.614790
73.700000,-64.621962
73.800000,-64.629084
73.900000,-64.636156
74.000000,-64.643179
74.100000,-64.650153
74.200000,-64.657078
74.300000,-64.663954
74.400000,-64.670782
74.500000,-64.677560
74.600000,-64.684290
74.700000,-64.690971
74.800000,-64.697604
74.900000,-64.704189
75.000000,-64.710726
75.100000,-64.717214
75.200000,-64.723654
75.300000,-64.730047
75.400000,-64.736391
75.500000,-64.742688
75.600000,-64.748937
75.700000,-64.755139
75.800000,-64.761294
75.900000,-64.767401
76.000000,-64.773460
76.100000,-64.779473
76.200000,-64.785438
76.300000,-64.791357
76.400000,-64.797229
76.500000,-64.803054
76.600000,-64.808832
76.700000,-64.814563
76.800000,-64.820248
76.900000,-64.825887
77.000000,-64.831479
77.100000,-64.837025
77.200000,-64.842525
77.300000,-64.847979
77.400000,-64.853386
77.500000,-64.858748
77.600000,-64.864064
77.700000,-64.869333
77.800000,-64.874558
77.900000,-64.879736
78.000000,-64.884869
78.100000,-64.889957
78.200000,-64.894999
78.300000,-64.899996
78.400000,-64.904947
78.500000,-64.909854
78.600000,-64.914715
78.700000,-64.919531
78.800000,-64.924302
78.900000,-64.929029
79.000000,-64.933710
79.100000,-64.938347
79.200000,-64.942939
79.300000,-64.947486
79.400000,-64.951989
79.500000,-64.956447
79.600000,-64.960861
79.700000,-64.965231
79.800000,-64.969556
79.900000,-64.973837
80.000000,-64.978073
80.100000,-64.982266
80.200000,-64.986415
80.300000,-64.990519
80.400000,-64.994580
80.500000,-64.998596
80.600000,-65.002569
80.700000,-65.006498
80.800000,-65.010384
80.900000,-65.014225
81.000000,-65.018024
81.100000,-65.021778
81.200000,-65.025489
81.300000,-65.029157
81.400000,-65.032781
81.500000,-65.036362
81.600000,-65.039900
81.700000,-65.043394
81.800000,-65.046845
81.900000,-65.050253
82.000000,-65.053618
82.100000,-65.056940
82.200000,-65.060219
82.300000,-65.063455
82.400000,-65.066648
82.500000,-65.069798
82.600000,-65.072906
82.700000,-65.075970
82.800000,-65.078992
82.900000,-65.081972
83.000000,-65.084908
83.100000,-65.087802
83.200000,-65.090654
83.300000,-65.093463
83.400000,-65.096229
83.500000,-65.098953
83.600000,-65.101635
83.700000,-65.104274
83.800000,-65.106871
83.900000,-65.109426
84.000000,-65.111938
84.100000,-65.114408
84.200000,-65.116836
84.300000,-65.119222
84.400000,-65.121566
84.500000,-65.123868
84.600000,-65.126127
84.700000,-65.128345
84.800000,-65.130520
84.900000,-65.132654
85.000000,-65.134746
85.100000,-65.136796
85.200000,-65.138804
85.300000,-65.140770
85.400000,-65.142694
85.500000,-65.144577
85.600000,-65.146417
85.700000,-65.148216
85.800000,-65.149974
85.900000,-65.151689
86.000000,-65.153363
86.100000,-65.154996
86.200000,-65.156587
86.300000,-65.158136
86.400000,-65.159643
86.500000,-65.161109
86.600000,-65.162534
86.700000,-65.163917
86.800000,-65.165258
86.900000,-65.166559
87.000000,-65.167817
87.100000,-65.169034
87.200000,-65.170210
87.300000,-65.171344
87.400000,-65.172437
87.500000,-65.173489
87.600000,-65.174499
87.700000,-65.175468
87.800000,-65.176396
87.900000,-65.177282
88.000000,-65.178127
88.100000,-65.178930
88.200000,-65.179693
88.300000,-65.180414
88.400000,-65.181094
88.500000,-65.181732
88.600000,-65.182330
88.700000,-65.182886
88.800000,-65.183401
88.900000,-65.183874
89.000000,-65.184307
89.100000,-65.184698
89.200000,-65.185048
89.300000,-65.185357
89.400000,-65.185625
89.500000,-65.185851
89.600000,-65.186037
89.700000,-65.186181
89.800000,-65.186284
89.900000,-65.186345
90.000000,-65.186366
