0.000000,-0.420829,-0.106750,-0.985459,-0.987905
0.000003,-0.735943,-0.479121,-0.845423,-0.972044
0.000005,-0.939016,-0.778550,-0.576679,-0.808198
0.000008,-0.999132,-0.959452,-0.220140,-0.521311
0.000010,-0.907140,-0.994286,0.169912,-0.155060
0.000013,-0.677044,-0.877749,0.534098,0.234798
0.000015,-0.343874,-0.627583,0.816971,0.588911
0.000017,0.041648,-0.281873,0.975468,0.853366
0.000020,0.420829,0.106750,0.985459,0.987905
0.000023,0.735943,0.479121,0.845423,0.972044
0.000025,0.939016,0.778550,0.576679,0.808198
0.000028,0.999132,0.959452,0.220140,0.521311
0.000030,0.907140,0.994286,-0.169912,0.155060
0.000032,0.677044,0.877749,-0.534098,-0.234798
0.000035,0.343874,0.627583,-0.816971,-0.588911
0.000037,-0.041648,0.281873,-0.975468,-0.853366
0.000040,-0.420829,-0.106750,-0.985459,-0.987905
0.000043,-0.735943,-0.479121,-0.845423,-0.972044
0.000045,-0.939016,-0.778550,-0.576679,-0.808198
0.000048,-0.999132,-0.959452,-0.220140,-0.521311
0.000050,-0.907140,-0.994286,0.169912,-0.155060
0.000053,-0.677044,-0.877749,0.534098,0.234798
0.000055,-0.343874,-0.627583,0.816971,0.588911
0.000058,0.041648,-0.281873,0.975468,0.853366
0.000060,0.420829,0.106750,0.985459,0.987905
0.000063,0.735943,0.479121,0.845423,0.972044
0.000065,0.939016,0.778550,0.576679,0.808198
0.000068,0.999132,0.959452,0.220140,0.521311
0.000070,0.907140,0.994286,-0.169912,0.155060
0.000073,0.677044,0.877749,-0.534098,-0.234798
0.000075,0.343874,0.627583,-0.816971,-0.588911
0.000077,-0.041648,0.281873,-0.975468,-0.853366
0.000080,-0.420829,-0.106750,-0.985459,-0.987905
0.000082,-0.735943,-0.479121,-0.845423,-0.972044
0.000085,-0.939016,-0.778550,-0.576679,-0.808198
0.000087,-0.999132,-0.959452,-0.220140,-0.521311
0.000090,-0.907140,-0.994286,0.169912,-0.155060
0.000092,-0.677044,-0.877749,0.534098,0.234798
0.000095,-0.343874,-0.627583,0.816971,0.588911
0.000097,0.041648,-0.281873,0.975468,0.853366
0.000100,0.420829,0.106750,0.985459,0.987905
0.000102,0.735943,0.479121,0.845423,0.972044
0.000105,0.939016,0.778550,0.576679,0.808198
0.000107,0.999132,0.959452,0.220140,0.521311
0.000110,0.907140,0.994286,-0.169912,0.155060
0.000112,0.677044,0.877749,-0.534098,-0.234798
0.000115,0.343874,0.627583,-0.816971,-0.588911
0.000117,-0.041648,0.281873,-0.975468,-0.853366
0.000120,-0.420829,-0.106750,-0.985459,-0.987905
0.000122,-0.735943,-0.479121,-0.845423,-0.972044
0.000125,-0.939016,-0.778550,-0.576679,-0.808198
0.000128,-0.999132,-0.959452,-0.220140,-0.521311
0.000130,-0.907140,-0.994286,0.169912,-0.155060
0.000132,-0.677044,-0.877749,0.534098,0.234798
0.000135,-0.343874,-0.627583,0.816971,0.588911
0.000138,0.041648,-0.281873,0.975468,0.853366
0.000140,0.420829,0.106750,0.985459,0.987905
0.000142,0.735943,0.479121,0.845423,0.972044
0.000145,0.939016,0.778550,0.576679,0.808198
0.000148,0.999132,0.959452,0.220140,0.521311
0.000150,0.907140,0.994286,-0.169912,0.155060
0.000152,0.677044,0.877749,-0.534098,-0.234798
0.000155,0.343874,0.627583,-0.816971,-0.588911
0.000158,-0.041648,0.281873,-0.975468,-0.853366
0.000160,-0.420829,-0.106750,-0.985459,-0.987905
0.000162,-0.735943,-0.479121,-0.845423,-0.972044
0.000165,-0.939016,-0.778550,-0.576679,-0.808198
0.000168,-0.999132,-0.959452,-0.220140,-0.521311
0.000170,-0.907140,-0.994286,0.169912,-0.155060
0.000172,-0.677044,-0.877749,0.534098,0.234798
0.000175,-0.343874,-0.627583,0.816971,0.588911
0.000178,0.041648,-0.281873,0.975468,0.853366
0.000180,0.420829,0.106750,0.985459,0.987905
0.000182,0.735943,0.479121,0.845423,0.972044
0.000185,0.939016,0.778550,0.576679,0.808198
0.000188,0.999132,0.959452,0.220140,0.521311
0.000190,0.907140,0.994286,-0.169912,0.155060
0.000192,0.677044,0.877749,-0.534098,-0.234798
0.000195,0.343874,0.627583,-0.816971,-0.588911
0.000198,-0.041648,0.281873,-0.975468,-0.853366
0.000200,-0.420829,-0.106750,-0.985459,-0.987905
0.000202,-0.735943,-0.479121,-0.845423,-0.972044
0.000205,-0.939016,-0.778550,-0.576679,-0.808198
0.000208,-0.999132,-0.959452,-0.220140,-0.521311
0.000210,-0.907140,-0.994286,0.169912,-0.155060
0.000212,-0.677044,-0.877749,0.534098,0.234798
0.000215,-0.343874,-0.627583,0.816971,0.588911
0.000218,0.041648,-0.281873,0.975468,0.853366
0.000220,0.420829,0.106750,0.985459,0.987905
0.000222,0.735943,0.479121,0.845423,0.972044
0.000225,0.939016,0.778550,0.576679,0.808198
0.000228,0.999132,0.959452,0.220140,0.521311
0.000230,0.907140,0.994286,-0.169912,0.155060
0.000233,0.677044,0.877749,-0.534098,-0.234798
0.000235,0.343874,0.627583,-0.816971,-0.588911
0.000237,-0.041648,0.281873,-0.975468,-0.853366
0.000240,-0.420829,-0.106750,-0.985459,-0.987905
0.000243,-0.735943,-0.479121,-0.845423,-0.972044
0.000245,-0.939016,-0.778550,-0.576679,-0.808198
0.000247,-0.999132,-0.959452,-0.220140,-0.521311
0.000250,-0.907140,-0.994286,0.169912,-0.155060
0.000253,-0.677044,-0.877749,0.534098,0.234798
0.000255,-0.343874,-0.627583,0.816971,0.588911
0.000258,0.041648,-0.281873,0.975468,0.853366
0.000260,0.420829,0.106750,0.985459,0.987905
0.000262,0.735943,0.479121,0.845423,0.972044
0.000265,0.939016,0.778550,0.576679,0.808198
0.000267,0.999132,0.959452,0.220140,0.521311
0.000270,0.907140,0.994286,-0.169912,0.155060
0.000273,0.677044,0.877749,-0.534098,-0.234798
0.000275,0.343874,0.627583,-0.816971,-0.588911
0.000278,-0.041648,0.281873,-0.975468,-0.853366
0.000280,-0.420829,-0.106750,-0.985459,-0.987905
0.000282,-0.735943,-0.479121,-0.845423,-0.972044
0.000285,-0.939016,-0.778550,-0.576679,-0.808198
0.000287,-0.999132,-0.959452,-0.220140,-0.521311
0.000290,-0.907140,-0.994286,0.169912,-0.155060
0.000293,-0.677044,-0.877749,0.534098,0.234798
0.000295,-0.343874,-0.627583,0.816971,0.588911
0.000298,0.041648,-0.281873,0.975468,0.853366
0.000300,0.420829,0.106750,0.985459,0.987905
0.000302,0.735943,0.479121,0.845423,0.972044
0.000305,0.939016,0.778550,0.576679,0.808198
0.000307,0.999132,0.959452,0.220140,0.521311
0.000310,0.907140,0.994286,-0.169912,0.155060
0.000313,0.677044,0.877749,-0.534098,-0.234798
0.000315,0.343874,0.627583,-0.816971,-0.588911
0.000318,-0.041648,0.281873,-0.975468,-0.853366
0.000320,-0.420829,-0.106750,-0.985459,-0.987905
0.000322,-0.735943,-0.479121,-0.845423,-0.972044
0.000325,-0.939016,-0.778550,-0.576679,-0.808198
0.000327,-0.999132,-0.959452,-0.220140,-0.521311
0.000330,-0.907140,-0.994286,0.169912,-0.155060
0.000333,-0.677044,-0.877749,0.534098,0.234798
0.000335,-0.343874,-0.627583,0.816971,0.588911
0.000338,0.041648,-0.281873,0.975468,0.853366
0.000340,0.420829,0.106750,0.985459,0.987905
0.000342,0.735943,0.479121,0.845423,0.972044
0.000345,0.939016,0.778550,0.576679,0.808198
0.000347,0.999132,0.959452,0.220140,0.521311
0.000350,0.907140,0.994286,-0.169912,0.155060
0.000353,0.677044,0.877749,-0.534098,-0.234798
0.000355,0.343874,0.627583,-0.816971,-0.588911
0.000358,-0.041648,0.281873,-0.975468,-0.853366
0.000360,-0.420829,-0.106750,-0.985459,-0.987905
0.000362,-0.735943,-0.479121,-0.845423,-0.972044
0.000365,-0.939016,-0.778550,-0.576679,-0.808198
0.000367,-0.999132,-0.959452,-0.220140,-0.521311
0.000370,-0.907140,-0.994286,0.169912,-0.155060
0.000373,-0.677044,-0.877749,0.534098,0.234798
0.000375,-0.343874,-0.627583,0.816971,0.588911
0.000378,0.041648,-0.281873,0.975468,0.853366
0.000380,0.420829,0.106750,0.985459,0.987905
0.000382,0.735943,0.479121,0.845423,0.972044
0.000385,0.939016,0.778550,0.576679,0.808198
0.000387,0.999132,0.959452,0.220140,0.521311
0.000390,0.907140,0.994286,-0.169912,0.155060
0.000392,0.677044,0.877749,-0.534098,-0.234798
0.000395,0.343874,0.627583,-0.816971,-0.588911
0.000398,-0.041648,0.281873,-0.975468,-0.853366
0.000400,-0.420829,-0.106750,-0.985459,-0.987905
0.000403,-0.735943,-0.479121,-0.845423,-0.972044
0.000405,-0.939016,-0.778550,-0.576679,-0.808198
0.000407,-0.999132,-0.959452,-0.220140,-0.521311
0.000410,-0.907140,-0.994286,0.169912,-0.155060
0.000412,-0.677044,-0.877749,0.534098,0.234798
0.000415,-0.343874,-0.627583,0.816971,0.588911
0.000418,0.041648,-0.281873,0.975468,0.853366
0.000420,0.420829,0.106750,0.985459,0.987905
0.000423,0.735943,0.479121,0.845423,0.972044
0.000425,0.939016,0.778550,0.576679,0.808198
0.000427,0.999132,0.959452,0.220140,0.521311
0.000430,0.907140,0.994286,-0.169912,0.155060
0.000432,0.677044,0.877749,-0.534098,-0.234798
0.000435,0.343874,0.627583,-0.816971,-0.588911
0.000438,-0.041648,0.281873,-0.975468,-0.853366
0.000440,-0.420829,-0.106750,-0.985459,-0.987905
0.000443,-0.735943,-0.479121,-0.845423,-0.972044
0.000445,-0.939016,-0.778550,-0.576679,-0.808198
0.000447,-0.999132,-0.959452,-0.220140,-0.521311
0.000450,-0.907140,-0.994286,0.169912,-0.155060
0.000452,-0.677044,-0.877749,0.534098,0.234798
0.000455,-0.343874,-0.627583,0.816971,0.588911
0.000458,0.041648,-0.281873,0.975468,0.853366
0.000460,0.420829,0.106750,0.985459,0.987905
0.000463,0.735943,0.479121,0.845423,0.972044
0.000465,0.939016,0.778550,0.576679,0.808198
0.000467,0.999132,0.959452,0.220140,0.521311
0.000470,0.907140,0.994286,-0.169912,0.155060
0.000472,0.677044,0.877749,-0.534098,-0.234798
0.000475,0.343874,0.627583,-0.816971,-0.588911
0.000478,-0.041648,0.281873,-0.975468,-0.853366
0.000480,-0.420829,-0.106750,-0.985459,-0.987905
0.000483,-0.735943,-0.479121,-0.845423,-0.972044
0.000485,-0.939016,-0.778550,-0.576679,-0.808198
0.000487,-0.999132,-0.959452,-0.220140,-0.521311
0.000490,-0.907140,-0.994286,0.169912,-0.155060
0.000492,-0.677044,-0.877749,0.534098,0.234798
0.000495,-0.343874,-0.627583,0.816971,0.588911
0.000498,0.041648,-0.281873,0.975468,0.853366
0.000500,0.420829,0.106750,0.985459,0.987905
0.000503,0.735943,0.479121,0.845423,0.972044
0.000505,0.939016,0.778550,0.576679,0.808198
0.000508,0.999132,0.959452,0.220140,0.521311
0.000510,0.907140,0.994286,-0.169912,0.155060
0.000513,0.677044,0.877749,-0.534098,-0.234798
0.000515,0.343874,0.627583,-0.816971,-0.588911
0.000517,-0.041648,0.281873,-0.975468,-0.853366
0.000520,-0.420829,-0.106750,-0.985459,-0.987905
0.000522,-0.735943,-0.479121,-0.845423,-0.972044
0.000525,-0.939016,-0.778550,-0.576679,-0.808198
0.000527,-0.999132,-0.959452,-0.220140,-0.521311
0.000530,-0.907140,-0.994286,0.169912,-0.155060
0.000532,-0.677044,-0.877749,0.534098,0.234798
0.000535,-0.343874,-0.627583,0.816971,0.588911
0.000538,0.041648,-0.281873,0.975468,0.853366
0.000540,0.420829,0.106750,0.985459,0.987905
0.000543,0.735943,0.479121,0.845423,0.972044
0.000545,0.939016,0.778550,0.576679,0.808198
0.000548,0.999132,0.959452,0.220140,0.521311
0.000550,0.907140,0.994286,-0.169912,0.155060
0.000553,0.677044,0.877749,-0.534098,-0.234798
0.000555,0.343874,0.627583,-0.816971,-0.588911
0.000558,-0.041648,0.281873,-0.975468,-0.853366
0.000560,-0.420829,-0.106750,-0.985459,-0.987905
0.000562,-0.735943,-0.479121,-0.845423,-0.972044
0.000565,-0.939016,-0.778550,-0.576679,-0.808198
0.000567,-0.999132,-0.959452,-0.220140,-0.521311
0.000570,-0.907140,-0.994286,0.169912,-0.155060
0.000572,-0.677044,-0.877749,0.534098,0.234798
0.000575,-0.343874,-0.627583,0.816971,0.588911
0.000577,0.041648,-0.281873,0.975468,0.853366
0.000580,0.420829,0.106750,0.985459,0.987905
0.000583,0.735943,0.479121,0.845423,0.972044
0.000585,0.939016,0.778550,0.576679,0.808198
0.000588,0.999132,0.959452,0.220140,0.521311
0.000590,0.907140,0.994286,-0.169912,0.155060
0.000593,0.677044,0.877749,-0.534098,-0.234798
0.000595,0.343874,0.627583,-0.816971,-0.588911
0.000598,-0.041648,0.281873,-0.975468,-0.853366
0.000600,-0.420829,-0.106750,-0.985459,-0.987905
0.000602,-0.735943,-0.479121,-0.845423,-0.972044
0.000605,-0.939016,-0.778550,-0.576679,-0.808198
0.000607,-0.999132,-0.959452,-0.220140,-0.521311
0.000610,-0.907140,-0.994286,0.169912,-0.155060
0.000612,-0.677044,-0.877749,0.534098,0.234798
0.000615,-0.343874,-0.627583,0.816971,0.588911
0.000617,0.041648,-0.281873,0.975468,0.853366
0.000620,0.420829,0.106750,0.985459,0.987905
0.000623,0.735943,0.479121,0.845423,0.972044
0.000625,0.939016,0.778550,0.576679,0.808198
0.000628,0.999132,0.959452,0.220140,0.521311
0.000630,0.907140,0.994286,-0.169912,0.155060
0.000633,0.677044,0.877749,-0.534098,-0.234798
0.000635,0.343874,0.627583,-0.816971,-0.588911
0.000638,-0.041648,0.281873,-0.975468,-0.853366
0.000640,-0.420829,-0.106750,-0.985459,-0.987905
0.000642,-0.735943,-0.479121,-0.845423,-0.972044
0.000645,-0.939016,-0.778550,-0.576679,-0.808198
0.000647,-0.999132,-0.959452,-0.220140,-0.521311
0.000650,-0.907140,-0.994286,0.169912,-0.155060
0.000652,-0.677044,-0.877749,0.534098,0.234798
0.000655,-0.343874,-0.627583,0.816971,0.588911
0.000657,0.041648,-0.281873,0.975468,0.853366
0.000660,0.420829,0.106750,0.985459,0.987905
0.000663,0.735943,0.479121,0.845423,0.972044
0.000665,0.939016,0.778550,0.576679,0.808198
0.000668,0.999132,0.959452,0.220140,0.521311
0.000670,0.907140,0.994286,-0.169912,0.155060
0.000673,0.677044,0.877749,-0.534098,-0.234798
0.000675,0.343874,0.627583,-0.816971,-0.588911
0.000678,-0.041648,0.281873,-0.975468,-0.853366
0.000680,-0.420829,-0.106750,-0.985459,-0.987905
0.000682,-0.735943,-0.479121,-0.845423,-0.972044
0.000685,-0.939016,-0.778550,-0.576679,-0.808198
0.000687,-0.999132,-0.959452,-0.220140,-0.521311
0.000690,-0.907140,-0.994286,0.169912,-0.155060
0.000692,-0.677044,-0.877749,0.534098,0.234798
0.000695,-0.343874,-0.627583,0.816971,0.588911
0.000697,0.041648,-0.281873,0.975468,0.853366
0.000700,0.420829,0.106750,0.985459,0.987905
0.000702,0.735943,0.479121,0.845423,0.972044
0.000705,0.939016,0.778550,0.576679,0.808198
0.000708,0.999132,0.959452,0.220140,0.521311
0.000710,0.907140,0.994286,-0.169912,0.155060
0.000713,0.677044,0.877749,-0.534098,-0.234798
0.000715,0.343874,0.627583,-0.816971,-0.588911
0.000718,-0.041648,0.281873,-0.975468,-0.853366
0.000720,-0.420829,-0.106750,-0.985459,-0.987905
0.000723,-0.735943,-0.479121,-0.845423,-0.972044
0.000725,-0.939016,-0.778550,-0.576679,-0.808198
0.000727,-0.999132,-0.959452,-0.220140,-0.521311
0.000730,-0.907140,-0.994286,0.169912,-0.155060
0.000732,-0.677044,-0.877749,0.534098,0.234798
0.000735,-0.343874,-0.627583,0.816971,0.588911
0.000737,0.041648,-0.281873,0.975468,0.853366
0.000740,0.420829,0.106750,0.985459,0.987905
0.000742,0.735943,0.479121,0.845423,0.972044
0.000745,0.939016,0.778550,0.576679,0.808198
0.000748,0.999132,0.959452,0.220140,0.521311
0.000750,0.907140,0.994286,-0.169912,0.155060
0.000753,0.677044,0.877749,-0.534098,-0.234798
0.000755,0.343874,0.627583,-0.816971,-0.588911
0.000758,-0.041648,0.281873,-0.975468,-0.853366
0.000760,-0.420829,-0.106750,-0.985459,-0.987905
0.000763,-0.735943,-0.479121,-0.845423,-0.972044
0.000765,-0.939016,-0.778550,-0.576679,-0.808198
0.000767,-0.999132,-0.959452,-0.220140,-0.521311
0.000770,-0.907140,-0.994286,0.169912,-0.155060
0.000772,-0.677044,-0.877749,0.534098,0.234798
0.000775,-0.343874,-0.627583,0.816971,0.588911
0.000777,0.041648,-0.281873,0.975468,0.853366
0.000780,0.420829,0.106750,0.985459,0.987905
0.000782,0.735943,0.479121,0.845423,0.972044
0.000785,0.939016,0.778550,0.576679,0.808198
0.000788,0.999132,0.959452,0.220140,0.521311
0.000790,0.907140,0.994286,-0.169912,0.155060
0.000793,0.677044,0.877749,-0.534098,-0.234798
0.000795,0.343874,0.627583,-0.816971,-0.588911
0.000798,-0.041648,0.281873,-0.975468,-0.853366
0.000800,-0.420829,-0.106750,-0.985459,-0.987905
0.000803,-0.735943,-0.479121,-0.845423,-0.972044
0.000805,-0.939016,-0.778550,-0.576679,-0.808198
0.000807,-0.999132,-0.959452,-0.220140,-0.521311
0.000810,-0.907140,-0.994286,0.169912,-0.155060
0.000812,-0.677044,-0.877749,0.534098,0.234798
0.000815,-0.343874,-0.627583,0.816971,0.588911
0.000817,0.041648,-0.281873,0.975468,0.853366
0.000820,0.420829,0.106750,0.985459,0.987905
0.000822,0.735943,0.479121,0.845423,0.972044
0.000825,0.939016,0.778550,0.576679,0.808198
0.000828,0.999132,0.959452,0.220140,0.521311
0.000830,0.907140,0.994286,-0.169912,0.155060
0.000833,0.677044,0.877749,-0.534098,-0.234798
0.000835,0.343874,0.627583,-0.816971,-0.588911
0.000838,-0.041648,0.281873,-0.975468,-0.853366
0.000840,-0.420829,-0.106750,-0.985459,-0.987905
0.000843,-0.735943,-0.479121,-0.845423,-0.972044
0.000845,-0.939016,-0.778550,-0.576679,-0.808198
0.000847,-0.999132,-0.959452,-0.220140,-0.521311
0.000850,-0.907140,-0.994286,0.169912,-0.155060
0.000852,-0.677044,-0.877749,0.534098,0.234798
0.000855,-0.343874,-0.627583,0.816971,0.588911
0.000857,0.041648,-0.281873,0.975468,0.853366
0.000860,0.420829,0.106750,0.985459,0.987905
0.000862,0.735943,0.479121,0.845423,0.972044
0.000865,0.939016,0.778550,0.576679,0.808198
0.000867,0.999132,0.959452,0.220140,0.521311
0.000870,0.907140,0.994286,-0.169912,0.155060
0.000873,0.677044,0.877749,-0.534098,-0.234798
0.000875,0.343874,0.627583,-0.816971,-0.588911
0.000878,-0.041648,0.281873,-0.975468,-0.853366
0.000880,-0.420829,-0.106750,-0.985459,-0.987905
0.000883,-0.735943,-0.479121,-0.845423,-0.972044
0.000885,-0.939016,-0.778550,-0.576679,-0.808198
0.000888,-0.999132,-0.959452,-0.220140,-0.521311
0.000890,-0.907140,-0.994286,0.169912,-0.155060
0.000892,-0.677044,-0.877749,0.534098,0.234798
0.000895,-0.343874,-0.627583,0.816971,0.588911
0.000897,0.041648,-0.281873,0.975468,0.853366
0.000900,0.420829,0.106750,0.985459,0.987905
0.000902,0.735943,0.479121,0.845423,0.972044
0.000905,0.939016,0.778550,0.576679,0.808198
0.000907,0.999132,0.959452,0.220140,0.521311
0.000910,0.907140,0.994286,-0.169912,0.155060
0.000913,0.677044,0.877749,-0.534098,-0.234798
0.000915,0.343874,0.627583,-0.816971,-0.588911
0.000918,-0.041648,0.281873,-0.975468,-0.853366
0.000920,-0.420829,-0.106750,-0.985459,-0.987905
0.000923,-0.735943,-0.479121,-0.845423,-0.972044
0.000925,-0.939016,-0.778550,-0.576679,-0.808198
0.000928,-0.999132,-0.959452,-0.220140,-0.521311
0.000930,-0.907140,-0.994286,0.169912,-0.155060
0.000932,-0.677044,-0.877749,0.534098,0.234798
0.000935,-0.343874,-0.627583,0.816971,0.588911
0.000937,0.041648,-0.281873,0.975468,0.853366
0.000940,0.420829,0.106750,0.985459,0.987905
0.000942,0.735943,0.479121,0.845423,0.972044
0.000945,0.939016,0.778550,0.576679,0.808198
0.000947,0.999132,0.959452,0.220140,0.521311
0.000950,0.907140,0.994286,-0.169912,0.155060
0.000953,0.677044,0.877749,-0.534098,-0.234798
0.000955,0.343874,0.627583,-0.816971,-0.588911
0.000958,-0.041648,0.281873,-0.975468,-0.853366
0.000960,-0.420829,-0.106750,-0.985459,-0.987905
0.000963,-0.735943,-0.479121,-0.845423,-0.972044
0.000965,-0.939016,-0.778550,-0.576679,-0.808198
0.000968,-0.999132,-0.959452,-0.220140,-0.521311
0.000970,-0.907140,-0.994286,0.169912,-0.155060
0.000972,-0.677044,-0.877749,0.534098,0.234798
0.000975,-0.343874,-0.627583,0.816971,0.588911
0.000978,0.041648,-0.281873,0.975468,0.853366
0.000980,0.420829,0.106750,0.985459,0.987905
0.000983,0.735943,0.479121,0.845423,0.972044
0.000985,0.939016,0.778550,0.576679,0.808198
0.000988,0.999132,0.959452,0.220140,0.521311
0.000990,0.907140,0.994286,-0.169912,0.155060
0.000992,0.677044,0.877749,-0.534098,-0.234798
0.000995,0.343874,0.627583,-0.816971,-0.588911
0.000997,-0.041648,0.281873,-0.975468,-0.853366
0.001000,-0.420829,-0.106750,-0.985459,-0.987905
0.001002,-0.735943,-0.479121,-0.845423,-0.972044
0.001005,-0.939016,-0.778550,-0.576679,-0.808198
0.001007,-0.999132,-0.959452,-0.220140,-0.521311
0.001010,-0.907140,-0.994286,0.169912,-0.155060
0.001012,-0.677044,-0.877749,0.534098,0.234798
0.001015,-0.343874,-0.627583,0.816971,0.588911
0.001017,0.041648,-0.281873,0.975468,0.853366
0.001020,0.420829,0.106750,0.985459,0.987905
0.001022,0.735943,0.479121,0.845423,0.972044
0.001025,0.939016,0.778550,0.576679,0.808198
0.001027,0.999132,0.959452,0.220140,0.521311
0.001030,0.907140,0.994286,-0.169912,0.155060
0.001032,0.677044,0.877749,-0.534098,-0.234798
0.001035,0.343874,0.627583,-0.816971,-0.588911
0.001038,-0.041648,0.281873,-0.975468,-0.853366
0.001040,-0.420829,-0.106750,-0.985459,-0.987905
0.001043,-0.735943,-0.479121,-0.845423,-0.972044
0.001045,-0.939016,-0.778550,-0.576679,-0.808198
0.001048,-0.999132,-0.959452,-0.220140,-0.521311
0.001050,-0.907140,-0.994286,0.169912,-0.155060
0.001053,-0.677044,-0.877749,0.534098,0.234798
0.001055,-0.343874,-0.627583,0.816971,0.588911
0.001058,0.041648,-0.281873,0.975468,0.853366
0.001060,0.420829,0.106750,0.985459,0.987905
0.001063,0.735943,0.479121,0.845423,0.972044
0.001065,0.939016,0.778550,0.576679,0.808198
0.001068,0.999132,0.959452,0.220140,0.521311
0.001070,0.907140,0.994286,-0.169912,0.155060
0.001073,0.677044,0.877749,-0.534098,-0.234798
0.001075,0.343874,0.627583,-0.816971,-0.588911
0.001077,-0.041648,0.281873,-0.975468,-0.853366
0.001080,-0.420829,-0.106750,-0.985459,-0.987905
0.001082,-0.735943,-0.479121,-0.845423,-0.972044
0.001085,-0.939016,-0.778550,-0.576679,-0.808198
0.001087,-0.999132,-0.959452,-0.220140,-0.521311
0.001090,-0.907140,-0.994286,0.169912,-0.155060
0.001092,-0.677044,-0.877749,0.534098,0.234798
0.001095,-0.343874,-0.627583,0.816971,0.588911
0.001097,0.041648,-0.281873,0.975468,0.853366
0.001100,0.420829,0.106750,0.985459,0.987905
0.001102,0.735943,0.479121,0.845423,0.972044
0.001105,0.939016,0.778550,0.576679,0.808198
0.001107,0.999132,0.959452,0.220140,0.521311
0.001110,0.907140,0.994286,-0.169912,0.155060
0.001112,0.677044,0.877749,-0.534098,-0.234798
0.001115,0.343874,0.627583,-0.816971,-0.588911
0.001118,-0.041648,0.281873,-0.975468,-0.853366
0.001120,-0.420829,-0.106750,-0.985459,-0.987905
0.001123,-0.735943,-0.479121,-0.845423,-0.972044
0.001125,-0.939016,-0.778550,-0.576679,-0.808198
0.001128,-0.999132,-0.959452,-0.220140,-0.521311
0.001130,-0.907140,-0.994286,0.169912,-0.155060
0.001133,-0.677044,-0.877749,0.534098,0.234798
0.001135,-0.343874,-0.627583,0.816971,0.588911
0.001138,0.041648,-0.281873,0.975468,0.853366
0.001140,0.420829,0.106750,0.985459,0.987905
0.001143,0.735943,0.479121,0.845423,0.972044
0.001145,0.939016,0.778550,0.576679,0.808198
0.001148,0.999132,0.959452,0.220140,0.521311
0.001150,0.907140,0.994286,-0.169912,0.155060
0.001153,0.677044,0.877749,-0.534098,-0.234798
0.001155,0.343874,0.627583,-0.816971,-0.588911
0.001157,-0.041648,0.281873,-0.975468,-0.853366
0.001160,-0.420829,-0.106750,-0.985459,-0.987905
0.001162,-0.735943,-0.479121,-0.845423,-0.972044
0.001165,-0.939016,-0.778550,-0.576679,-0.808198
0.001167,-0.999132,-0.959452,-0.220140,-0.521311
0.001170,-0.907140,-0.994286,0.169912,-0.155060
0.001172,-0.677044,-0.877749,0.534098,0.234798
0.001175,-0.343874,-0.627583,0.816971,0.588911
0.001177,0.041648,-0.281873,0.975468,0.853366
0.001180,0.420829,0.106750,0.985459,0.987905
0.001182,0.735943,0.479121,0.845423,0.972044
0.001185,0.939016,0.778550,0.576679,0.808198
0.001187,0.999132,0.959452,0.220140,0.521311
0.001190,0.907140,0.994286,-0.169912,0.155060
0.001192,0.677044,0.877749,-0.534098,-0.234798
0.001195,0.343874,0.627583,-0.816971,-0.588911
0.001197,-0.041648,0.281873,-0.975468,-0.853366
0.001200,-0.420829,-0.106750,-0.985459,-0.987905
0.001203,-0.735943,-0.479121,-0.845423,-0.972044
0.001205,-0.939016,-0.778550,-0.576679,-0.808198
0.001208,-0.999132,-0.959452,-0.220140,-0.521311
0.001210,-0.907140,-0.994286,0.169912,-0.155060
0.001213,-0.677044,-0.877749,0.534098,0.234798
0.001215,-0.343874,-0.627583,0.816971,0.588911
0.001218,0.041648,-0.281873,0.975468,0.853366
0.001220,0.420829,0.106750,0.985459,0.987905
0.001223,0.735943,0.479121,0.845423,0.972044
0.001225,0.939016,0.778550,0.576679,0.808198
0.001228,0.999132,0.959452,0.220140,0.521311
0.001230,0.907140,0.994286,-0.169912,0.155060
0.001233,0.677044,0.877749,-0.534098,-0.234798
0.001235,0.343874,0.627583,-0.816971,-0.588911
0.001238,-0.041648,0.281873,-0.975468,-0.853366
0.001240,-0.420829,-0.106750,-0.985459,-0.987905
0.001242,-0.735943,-0.479121,-0.845423,-0.972044
0.001245,-0.939016,-0.778550,-0.576679,-0.808198
0.001247,-0.999132,-0.959452,-0.220140,-0.521311
0.001250,-0.907140,-0.994286,0.169912,-0.155060
0.001252,-0.677044,-0.877749,0.534098,0.234798
0.001255,-0.343874,-0.627583,0.816971,0.588911
0.001257,0.041648,-0.281873,0.975468,0.853366
0.001260,0.420829,0.106750,0.985459,0.987905
0.001262,0.735943,0.479121,0.845423,0.972044
0.001265,0.939016,0.778550,0.576679,0.808198
0.001267,0.999132,0.959452,0.220140,0.521311
0.001270,0.907140,0.994286,-0.169912,0.155060
0.001272,0.677044,0.877749,-0.534098,-0.234798
0.001275,0.343874,0.627583,-0.816971,-0.588911
0.001277,-0.041648,0.281873,-0.975468,-0.853366
0.001280,-0.420829,-0.106750,-0.985459,-0.987905
0.001283,-0.735943,-0.479121,-0.845423,-0.972044
0.001285,-0.939016,-0.778550,-0.576679,-0.808198
0.001288,-0.999132,-0.959452,-0.220140,-0.521311
0.001290,-0.907140,-0.994286,0.169912,-0.155060
0.001293,-0.677044,-0.877749,0.534098,0.234798
0.001295,-0.343874,-0.627583,0.816971,0.588911
0.001298,0.041648,-0.281873,0.975468,0.853366
0.001300,0.420829,0.106750,0.985459,0.987905
0.001303,0.735943,0.479121,0.845423,0.972044
0.001305,0.939016,0.778550,0.576679,0.808198
0.001308,0.999132,0.959452,0.220140,0.521311
0.001310,0.907140,0.994286,-0.169912,0.155060
0.001313,0.677044,0.877749,-0.534098,-0.234798
0.001315,0.343874,0.627583,-0.816971,-0.588911
0.001318,-0.041648,0.281873,-0.975468,-0.853366
0.001320,-0.420829,-0.106750,-0.985459,-0.987905
0.001323,-0.735943,-0.479121,-0.845423,-0.972044
0.001325,-0.939016,-0.778550,-0.576679,-0.808198
0.001327,-0.999132,-0.959452,-0.220140,-0.521311
0.001330,-0.907140,-0.994286,0.169912,-0.155060
0.001332,-0.677044,-0.877749,0.534098,0.234798
0.001335,-0.343874,-0.627583,0.816971,0.588911
0.001337,0.041648,-0.281873,0.975468,0.853366
0.001340,0.420829,0.106750,0.985459,0.987905
0.001342,0.735943,0.479121,0.845423,0.972044
0.001345,0.939016,0.778550,0.576679,0.808198
0.001347,0.999132,0.959452,0.220140,0.521311
0.001350,0.907140,0.994286,-0.169912,0.155060
0.001352,0.677044,0.877749,-0.534098,-0.234798
0.001355,0.343874,0.627583,-0.816971,-0.588911
0.001357,-0.041648,0.281873,-0.975468,-0.853366
0.001360,-0.420829,-0.106750,-0.985459,-0.987905
0.001362,-0.735943,-0.479121,-0.845423,-0.972044
0.001365,-0.939016,-0.778550,-0.576679,-0.808198
0.001368,-0.999132,-0.959452,-0.220140,-0.521311
0.001370,-0.907140,-0.994286,0.169912,-0.155060
0.001373,-0.677044,-0.877749,0.534098,0.234798
0.001375,-0.343874,-0.627583,0.816971,0.588911
0.001378,0.041648,-0.281873,0.975468,0.853366
0.001380,0.420829,0.106750,0.985459,0.987905
0.001383,0.735943,0.479121,0.845423,0.972044
0.001385,0.939016,0.778550,0.576679,0.808198
0.001388,0.999132,0.959452,0.220140,0.521311
0.001390,0.907140,0.994286,-0.169912,0.155060
0.001393,0.677044,0.877749,-0.534098,-0.234798
0.001395,0.343874,0.627583,-0.816971,-0.588911
0.001398,-0.041648,0.281873,-0.975468,-0.853366
0.001400,-0.420829,-0.106750,-0.985459,-0.987905
0.001403,-0.735943,-0.479121,-0.845423,-0.972044
0.001405,-0.939016,-0.778550,-0.576679,-0.808198
0.001407,-0.999132,-0.959452,-0.220140,-0.521311
0.001410,-0.907140,-0.994286,0.169912,-0.155060
0.001412,-0.677044,-0.877749,0.534098,0.234798
0.001415,-0.343874,-0.627583,0.816971,0.588911
0.001417,0.041648,-0.281873,0.975468,0.853366
0.001420,0.420829,0.106750,0.985459,0.987905
0.001422,0.735943,0.479121,0.845423,0.972044
0.001425,0.939016,0.778550,0.576679,0.808198
0.001427,0.999132,0.959452,0.220140,0.521311
0.001430,0.907140,0.994286,-0.169912,0.155060
0.001432,0.677044,0.877749,-0.534098,-0.234798
0.001435,0.343874,0.627583,-0.816971,-0.588911
0.001437,-0.041648,0.281873,-0.975468,-0.853366
0.001440,-0.420829,-0.106750,-0.985459,-0.987905
0.001442,-0.735943,-0.479121,-0.845423,-0.972044
0.001445,-0.939016,-0.778550,-0.576679,-0.808198
0.001448,-0.999132,-0.959452,-0.220140,-0.521311
0.001450,-0.907140,-0.994286,0.169912,-0.155060
0.001453,-0.677044,-0.877749,0.534098,0.234798
0.001455,-0.343874,-0.627583,0.816971,0.588911
0.001458,0.041648,-0.281873,0.975468,0.853366
0.001460,0.420829,0.106750,0.985459,0.987905
0.001463,0.735943,0.479121,0.845423,0.972044
0.001465,0.939016,0.778550,0.576679,0.808198
0.001468,0.999132,0.959452,0.220140,0.521311
0.001470,0.907140,0.994286,-0.169912,0.155060
0.001473,0.677044,0.877749,-0.534098,-0.234798
0.001475,0.343874,0.627583,-0.816971,-0.588911
0.001478,-0.041648,0.281873,-0.975468,-0.853366
0.001480,-0.420829,-0.106750,-0.985459,-0.987905
0.001483,-0.735943,-0.479121,-0.845423,-0.972044
0.001485,-0.939016,-0.778550,-0.576679,-0.808198
0.001488,-0.999132,-0.959452,-0.220140,-0.521311
0.001490,-0.907140,-0.994286,0.169912,-0.155060
0.001492,-0.677044,-0.877749,0.534098,0.234798
0.001495,-0.343874,-0.627583,0.816971,0.588911
0.001497,0.041648,-0.281873,0.975468,0.853366
0.001500,0.420829,0.106750,0.985459,0.987905
0.001502,0.735943,0.479121,0.845423,0.972044
0.001505,0.939016,0.778550,0.576679,0.808198
0.001507,0.999132,0.959452,0.220140,0.521311
0.001510,0.907140,0.994286,-0.169912,0.155060
0.001512,0.677044,0.877749,-0.534098,-0.234798
0.001515,0.343874,0.627583,-0.816971,-0.588911
0.001517,-0.041648,0.281873,-0.975468,-0.853366
0.001520,-0.420829,-0.106750,-0.985459,-0.987905
0.001522,-0.735943,-0.479121,-0.845423,-0.972044
0.001525,-0.939016,-0.778550,-0.576679,-0.808198
0.001527,-0.999132,-0.959452,-0.220140,-0.521311
0.001530,-0.907140,-0.994286,0.169912,-0.155060
0.001533,-0.677044,-0.877749,0.534098,0.234798
0.001535,-0.343874,-0.627583,0.816971,0.588911
0.001538,0.041648,-0.281873,0.975468,0.853366
0.001540,0.420829,0.106750,0.985459,0.987905
0.001543,0.735943,0.479121,0.845423,0.972044
0.001545,0.939016,0.778550,0.576679,0.808198
0.001548,0.999132,0.959452,0.220140,0.521311
0.001550,0.907140,0.994286,-0.169912,0.155060
0.001553,0.677044,0.877749,-0.534098,-0.234798
0.001555,0.343874,0.627583,-0.816971,-0.588911
0.001558,-0.041648,0.281873,-0.975468,-0.853366
0.001560,-0.420829,-0.106750,-0.985459,-0.987905
0.001563,-0.735943,-0.479121,-0.845423,-0.972044
0.001565,-0.939016,-0.778550,-0.576679,-0.808198
0.001568,-0.999132,-0.959452,-0.220140,-0.521311
0.001570,-0.907140,-0.994286,0.169912,-0.155060
0.001572,-0.677044,-0.877749,0.534098,0.234798
0.001575,-0.343874,-0.627583,0.816971,0.588911
0.001577,0.041648,-0.281873,0.975468,0.853366
0.001580,0.420829,0.106750,0.985459,0.987905
0.001582,0.735943,0.479121,0.845423,0.972044
0.001585,0.939016,0.778550,0.576679,0.808198
0.001587,0.999132,0.959452,0.220140,0.521311
0.001590,0.907140,0.994286,-0.169912,0.155060
0.001592,0.677044,0.877749,-0.534098,-0.234798
0.001595,0.343874,0.627583,-0.816971,-0.588911
0.001597,-0.041648,0.281873,-0.975468,-0.853366
0.001600,-0.420829,-0.106750,-0.985459,-0.987905
0.001602,-0.735943,-0.479121,-0.845423,-0.972044
0.001605,-0.939016,-0.778550,-0.576679,-0.808198
0.001607,-0.999132,-0.959452,-0.220140,-0.521311
0.001610,-0.907140,-0.994286,0.169912,-0.155060
0.001613,-0.677044,-0.877749,0.534098,0.234798
0.001615,-0.343874,-0.627583,0.816971,0.588911
0.001618,0.041648,-0.281873,0.975468,0.853366
0.001620,0.420829,0.106750,0.985459,0.987905
0.001623,0.735943,0.479121,0.845423,0.972044
0.001625,0.939016,0.778550,0.576679,0.808198
0.001628,0.999132,0.959452,0.220140,0.521311
0.001630,0.907140,0.994286,-0.169912,0.155060
0.001633,0.677044,0.877749,-0.534098,-0.234798
0.001635,0.343874,0.627583,-0.816971,-0.588911
0.001638,-0.041648,0.281873,-0.975468,-0.853366
0.001640,-0.420829,-0.106750,-0.985459,-0.987905
0.001643,-0.735943,-0.479121,-0.845423,-0.972044
0.001645,-0.939016,-0.778550,-0.576679,-0.808198
0.001648,-0.999132,-0.959452,-0.220140,-0.521311
0.001650,-0.907140,-0.994286,0.169912,-0.155060
0.001653,-0.677044,-0.877749,0.534098,0.234798
0.001655,-0.343874,-0.627583,0.816971,0.588911
0.001657,0.041648,-0.281873,0.975468,0.853366
0.001660,0.420829,0.106750,0.985459,0.987905
0.001662,0.735943,0.479121,0.845423,0.972044
0.001665,0.939016,0.778550,0.576679,0.808198
0.001667,0.999132,0.959452,0.220140,0.521311
0.001670,0.907140,0.994286,-0.169912,0.155060
0.001672,0.677044,0.877749,-0.534098,-0.234798
0.001675,0.343874,0.627583,-0.816971,-0.588911
0.001677,-0.041648,0.281873,-0.975468,-0.853366
0.001680,-0.420829,-0.106750,-0.985459,-0.987905
0.001682,-0.735943,-0.479121,-0.845423,-0.972044
0.001685,-0.939016,-0.778550,-0.576679,-0.808198
0.001687,-0.999132,-0.959452,-0.220140,-0.521311
0.001690,-0.907140,-0.994286,0.169912,-0.155060
0.001692,-0.677044,-0.877749,0.534098,0.234798
0.001695,-0.343874,-0.627583,0.816971,0.588911
0.001698,0.041648,-0.281873,0.975468,0.853366
0.001700,0.420829,0.106750,0.985459,0.987905
0.001703,0.735943,0.479121,0.845423,0.972044
0.001705,0.939016,0.778550,0.576679,0.808198
0.001708,0.999132,0.959452,0.220140,0.521311
0.001710,0.907140,0.994286,-0.169912,0.155060
0.001713,0.677044,0.877749,-0.534098,-0.234798
0.001715,0.343874,0.627583,-0.816971,-0.588911
0.001718,-0.041648,0.281873,-0.975468,-0.853366
0.001720,-0.420829,-0.106750,-0.985459,-0.987905
0.001723,-0.735943,-0.479121,-0.845423,-0.972044
0.001725,-0.939016,-0.778550,-0.576679,-0.808198
0.001728,-0.999132,-0.959452,-0.220140,-0.521311
0.001730,-0.907140,-0.994286,0.169912,-0.155060
0.001733,-0.677044,-0.877749,0.534098,0.234798
0.001735,-0.343874,-0.627583,0.816971,0.588911
0.001737,0.041648,-0.281873,0.975468,0.853366
0.001740,0.420829,0.106750,0.985459,0.987905
0.001742,0.735943,0.479121,0.845423,0.972044
0.001745,0.939016,0.778550,0.576679,0.808198
0.001747,0.999132,0.959452,0.220140,0.521311
0.001750,0.907140,0.994286,-0.169912,0.155060
0.001752,0.677044,0.877749,-0.534098,-0.234798
0.001755,0.343874,0.627583,-0.816971,-0.588911
0.001757,-0.041648,0.281873,-0.975468,-0.853366
0.001760,-0.420829,-0.106750,-0.985459,-0.987905
0.001762,-0.735943,-0.479121,-0.845423,-0.972044
0.001765,-0.939016,-0.778550,-0.576679,-0.808198
0.001767,-0.999132,-0.959452,-0.220140,-0.521311
0.001770,-0.907140,-0.994286,0.169912,-0.155060
0.001772,-0.677044,-0.877749,0.534098,0.234798
0.001775,-0.343874,-0.627583,0.816971,0.588911
0.001778,0.041648,-0.281873,0.975468,0.853366
0.001780,0.420829,0.106750,0.985459,0.987905
0.001783,0.735943,0.479121,0.845423,0.972044
0.001785,0.939016,0.778550,0.576679,0.808198
0.001788,0.999132,0.959452,0.220140,0.521311
0.001790,0.907140,0.994286,-0.169912,0.155060
0.001793,0.677044,0.877749,-0.534098,-0.234798
0.001795,0.343874,0.627583,-0.816971,-0.588911
0.001798,-0.041648,0.281873,-0.975468,-0.853366
0.001800,-0.420829,-0.106750,-0.985459,-0.987905
0.001803,-0.735943,-0.479121,-0.845423,-0.972044
0.001805,-0.939016,-0.778550,-0.576679,-0.808198
0.001808,-0.999132,-0.959452,-0.220140,-0.521311
0.001810,-0.907140,-0.994286,0.169912,-0.155060
0.001813,-0.677044,-0.877749,0.534098,0.234798
0.001815,-0.343874,-0.627583,0.816971,0.588911
0.001818,0.041648,-0.281873,0.975468,0.853366
0.001820,0.420829,0.106750,0.985459,0.987905
0.001822,0.735943,0.479121,0.845423,0.972044
0.001825,0.939016,0.778550,0.576679,0.808198
0.001827,0.999132,0.959452,0.220140,0.521311
0.001830,0.907140,0.994286,-0.169912,0.155060
0.001832,0.677044,0.877749,-0.534098,-0.234798
0.001835,0.343874,0.627583,-0.816971,-0.588911
0.001837,-0.041648,0.281873,-0.975468,-0.853366
0.001840,-0.420829,-0.106750,-0.985459,-0.987905
0.001842,-0.735943,-0.479121,-0.845423,-0.972044
0.001845,-0.939016,-0.778550,-0.576679,-0.808198
0.001847,-0.999132,-0.959452,-0.220140,-0.521311
0.001850,-0.907140,-0.994286,0.169912,-0.155060
0.001852,-0.677044,-0.877749,0.534098,0.234798
0.001855,-0.343874,-0.627583,0.816971,0.588911
0.001857,0.041648,-0.281873,0.975468,0.853366
0.001860,0.420829,0.106750,0.985459,0.987905
0.001863,0.735943,0.479121,0.845423,0.972044
0.001865,0.939016,0.778550,0.576679,0.808198
0.001868,0.999132,0.959452,0.220140,0.521311
0.001870,0.907140,0.994286,-0.169912,0.155060
0.001873,0.677044,0.877749,-0.534098,-0.234798
0.001875,0.343874,0.627583,-0.816971,-0.588911
0.001878,-0.041648,0.281873,-0.975468,-0.853366
0.001880,-0.420829,-0.106750,-0.985459,-0.987905
0.001883,-0.735943,-0.479121,-0.845423,-0.972044
0.001885,-0.939016,-0.778550,-0.576679,-0.808198
0.001888,-0.999132,-0.959452,-0.220140,-0.521311
0.001890,-0.907140,-0.994286,0.169912,-0.155060
0.001893,-0.677044,-0.877749,0.534098,0.234798
0.001895,-0.343874,-0.627583,0.816971,0.588911
0.001898,0.041648,-0.281873,0.975468,0.853366
0.001900,0.420829,0.106750,0.985459,0.987905
0.001902,0.735943,0.479121,0.845423,0.972044
0.001905,0.939016,0.778550,0.576679,0.808198
0.001907,0.999132,0.959452,0.220140,0.521311
0.001910,0.907140,0.994286,-0.169912,0.155060
0.001912,0.677044,0.877749,-0.534098,-0.234798
0.001915,0.343874,0.627583,-0.816971,-0.588911
0.001917,-0.041648,0.281873,-0.975468,-0.853366
0.001920,-0.420829,-0.106750,-0.985459,-0.987905
0.001922,-0.735943,-0.479121,-0.845423,-0.972044
0.001925,-0.939016,-0.778550,-0.576679,-0.808198
0.001927,-0.999132,-0.959452,-0.220140,-0.521311
0.001930,-0.907140,-0.994286,0.169912,-0.155060
0.001932,-0.677044,-0.877749,0.534098,0.234798
0.001935,-0.343874,-0.627583,0.816971,0.588911
0.001937,0.041648,-0.281873,0.975468,0.853366
0.001940,0.420829,0.106750,0.985459,0.987905
0.001942,0.735943,0.479121,0.845423,0.972044
0.001945,0.939016,0.778550,0.576679,0.808198
0.001948,0.999132,0.959452,0.220140,0.521311
0.001950,0.907140,0.994286,-0.169912,0.155060
0.001953,0.677044,0.877749,-0.534098,-0.234798
0.001955,0.343874,0.627583,-0.816971,-0.588911
0.001958,-0.041648,0.281873,-0.975468,-0.853366
0.001960,-0.420829,-0.106750,-0.985459,-0.987905
0.001962,-0.735943,-0.479121,-0.845423,-0.972044
0.001965,-0.939016,-0.778550,-0.576679,-0.808198
0.001968,-0.999132,-0.959452,-0.220140,-0.521311
0.001970,-0.907140,-0.994286,0.169912,-0.155060
0.001972,-0.677044,-0.877749,0.534098,0.234798
0.001975,-0.343874,-0.627583,0.816971,0.588911
0.001978,0.041648,-0.281873,0.975468,0.853366
0.001980,0.420829,0.106750,0.985459,0.987905
0.001982,0.735943,0.479121,0.845423,0.972044
0.001985,0.939016,0.778550,0.576679,0.808198
0.001988,0.999132,0.959452,0.220140,0.521311
0.001990,0.907140,0.994286,-0.169912,0.155060
0.001992,0.677044,0.877749,-0.534098,-0.234798
0.001995,0.343874,0.627583,-0.816971,-0.588911
0.001998,-0.041648,0.281873,-0.975468,-0.853366
0.002000,-0.420829,-0.106750,-0.985459,-0.987905
0.002002,-0.735943,-0.479121,-0.845423,-0.972044
0.002005,-0.939016,-0.778550,-0.576679,-0.808198
0.002008,-0.999132,-0.959452,-0.220140,-0.521311
0.002010,-0.907140,-0.994286,0.169912,-0.155060
0.002012,-0.677044,-0.877749,0.534098,0.234798
0.002015,-0.343874,-0.627583,0.816971,0.588911
0.002018,0.041648,-0.281873,0.975468,0.853366
0.002020,0.420829,0.106750,0.985459,0.987905
0.002022,0.735943,0.479121,0.845423,0.972044
0.002025,0.939016,0.778550,0.576679,0.808198
0.002027,0.999132,0.959452,0.220140,0.521311
0.002030,0.907140,0.994286,-0.169912,0.155060
0.002033,0.677044,0.877749,-0.534098,-0.234798
0.002035,0.343874,0.627583,-0.816971,-0.588911
0.002037,-0.041648,0.281873,-0.975468,-0.853366
0.002040,-0.420829,-0.106750,-0.985459,-0.987905
0.002043,-0.735943,-0.479121,-0.845423,-0.972044
0.002045,-0.939016,-0.778550,-0.576679,-0.808198
0.002047,-0.999132,-0.959452,-0.220140,-0.521311
0.002050,-0.907140,-0.994286,0.169912,-0.155060
0.002053,-0.677044,-0.877749,0.534098,0.234798
0.002055,-0.343874,-0.627583,0.816971,0.588911
0.002057,0.041648,-0.281873,0.975468,0.853366
0.002060,0.420829,0.106750,0.985459,0.987905
0.002063,0.735943,0.479121,0.845423,0.972044
0.002065,0.939016,0.778550,0.576679,0.808198
0.002067,0.999132,0.959452,0.220140,0.521311
0.002070,0.907140,0.994286,-0.169912,0.155060
0.002073,0.677044,0.877749,-0.534098,-0.234798
0.002075,0.343874,0.627583,-0.816971,-0.588911
0.002077,-0.041648,0.281873,-0.975468,-0.853366
0.002080,-0.420829,-0.106750,-0.985459,-0.987905
0.002083,-0.735943,-0.479121,-0.845423,-0.972044
0.002085,-0.939016,-0.778550,-0.576679,-0.808198
0.002087,-0.999132,-0.959452,-0.220140,-0.521311
0.002090,-0.907140,-0.994286,0.169912,-0.155060
0.002093,-0.677044,-0.877749,0.534098,0.234798
0.002095,-0.343874,-0.627583,0.816971,0.588911
0.002097,0.041648,-0.281873,0.975468,0.853366
0.002100,0.420829,0.106750,0.985459,0.987905
0.002103,0.735943,0.479121,0.845423,0.972044
0.002105,0.939016,0.778550,0.576679,0.808198
0.002107,0.999132,0.959452,0.220140,0.521311
0.002110,0.907140,0.994286,-0.169912,0.155060
0.002112,0.677044,0.877749,-0.534098,-0.234798
0.002115,0.343874,0.627583,-0.816971,-0.588911
0.002118,-0.041648,0.281873,-0.975468,-0.853366
0.002120,-0.420829,-0.106750,-0.985459,-0.987905
0.002122,-0.735943,-0.479121,-0.845423,-0.972044
0.002125,-0.939016,-0.778550,-0.576679,-0.808198
0.002128,-0.999132,-0.959452,-0.220140,-0.521311
0.002130,-0.907140,-0.994286,0.169912,-0.155060
0.002132,-0.677044,-0.877749,0.534098,0.234798
0.002135,-0.343874,-0.627583,0.816971,0.588911
0.002138,0.041648,-0.281873,0.975468,0.853366
0.002140,0.420829,0.106750,0.985459,0.987905
0.002142,0.735943,0.479121,0.845423,0.972044
0.002145,0.939016,0.778550,0.576679,0.808198
0.002148,0.999132,0.959452,0.220140,0.521311
0.002150,0.907140,0.994286,-0.169912,0.155060
0.002152,0.677044,0.877749,-0.534098,-0.234798
0.002155,0.343874,0.627583,-0.816971,-0.588911
0.002158,-0.041648,0.281873,-0.975468,-0.853366
0.002160,-0.420829,-0.106750,-0.985459,-0.987905
0.002162,-0.735943,-0.479121,-0.845423,-0.972044
0.002165,-0.939016,-0.778550,-0.576679,-0.808198
0.002168,-0.999132,-0.959452,-0.220140,-0.521311
0.002170,-0.907140,-0.994286,0.169912,-0.155060
0.002172,-0.677044,-0.877749,0.534098,0.234798
0.002175,-0.343874,-0.627583,0.816971,0.588911
0.002178,0.041648,-0.281873,0.975468,0.853366
0.002180,0.420829,0.106750,0.985459,0.987905
0.002182,0.735943,0.479121,0.845423,0.972044
0.002185,0.939016,0.778550,0.576679,0.808198
0.002188,0.999132,0.959452,0.220140,0.521311
0.002190,0.907140,0.994286,-0.169912,0.155060
0.002193,0.677044,0.877749,-0.534098,-0.234798
0.002195,0.343874,0.627583,-0.816971,-0.588911
0.002197,-0.041648,0.281873,-0.975468,-0.853366
0.002200,-0.420829,-0.106750,-0.985459,-0.987905
0.002203,-0.735943,-0.479121,-0.845423,-0.972044
0.002205,-0.939016,-0.778550,-0.576679,-0.808198
0.002207,-0.999132,-0.959452,-0.220140,-0.521311
0.002210,-0.907140,-0.994286,0.169912,-0.155060
0.002213,-0.677044,-0.877749,0.534098,0.234798
0.002215,-0.343874,-0.627583,0.816971,0.588911
0.002217,0.041648,-0.281873,0.975468,0.853366
0.002220,0.420829,0.106750,0.985459,0.987905
0.002223,0.735943,0.479121,0.845423,0.972044
0.002225,0.939016,0.778550,0.576679,0.808198
0.002227,0.999132,0.959452,0.220140,0.521311
0.002230,0.907140,0.994286,-0.169912,0.155060
0.002233,0.677044,0.877749,-0.534098,-0.234798
0.002235,0.343874,0.627583,-0.816971,-0.588911
0.002237,-0.041648,0.281873,-0.975468,-0.853366
0.002240,-0.420829,-0.106750,-0.985459,-0.987905
0.002243,-0.735943,-0.479121,-0.845423,-0.972044
0.002245,-0.939016,-0.778550,-0.576679,-0.808198
0.002247,-0.999132,-0.959452,-0.220140,-0.521311
0.002250,-0.907140,-0.994286,0.169912,-0.155060
0.002253,-0.677044,-0.877749,0.534098,0.234798
0.002255,-0.343874,-0.627583,0.816971,0.588911
0.002257,0.041648,-0.281873,0.975468,0.853366
0.002260,0.420829,0.106750,0.985459,0.987905
0.002263,0.735943,0.479121,0.845423,0.972044
0.002265,0.939016,0.778550,0.576679,0.808198
0.002267,0.999132,0.959452,0.220140,0.521311
0.002270,0.907140,0.994286,-0.169912,0.155060
0.002273,0.677044,0.877749,-0.534098,-0.234798
0.002275,0.343874,0.627583,-0.816971,-0.588911
0.002278,-0.041648,0.281873,-0.975468,-0.853366
0.002280,-0.420829,-0.106750,-0.985459,-0.987905
0.002282,-0.735943,-0.479121,-0.845423,-0.972044
0.002285,-0.939016,-0.778550,-0.576679,-0.808198
0.002288,-0.999132,-0.959452,-0.220140,-0.521311
0.002290,-0.907140,-0.994286,0.169912,-0.155060
0.002292,-0.677044,-0.877749,0.534098,0.234798
0.002295,-0.343874,-0.627583,0.816971,0.588911
0.002298,0.041648,-0.281873,0.975468,0.853366
0.002300,0.420829,0.106750,0.985459,0.987905
0.002302,0.735943,0.479121,0.845423,0.972044
0.002305,0.939016,0.778550,0.576679,0.808198
0.002308,0.999132,0.959452,0.220140,0.521311
0.002310,0.907140,0.994286,-0.169912,0.155060
0.002312,0.677044,0.877749,-0.534098,-0.234798
0.002315,0.343874,0.627583,-0.816971,-0.588911
0.002318,-0.041648,0.281873,-0.975468,-0.853366
0.002320,-0.420829,-0.106750,-0.985459,-0.987905
0.002322,-0.735943,-0.479121,-0.845423,-0.972044
0.002325,-0.939016,-0.778550,-0.576679,-0.808198
0.002328,-0.999132,-0.959452,-0.220140,-0.521311
0.002330,-0.907140,-0.994286,0.169912,-0.155060
0.002332,-0.677044,-0.877749,0.534098,0.234798
0.002335,-0.343874,-0.627583,0.816971,0.588911
0.002338,0.041648,-0.281873,0.975468,0.853366
0.002340,0.420829,0.106750,0.985459,0.987905
0.002342,0.735943,0.479121,0.845423,0.972044
0.002345,0.939016,0.778550,0.576679,0.808198
0.002348,0.999132,0.959452,0.220140,0.521311
0.002350,0.907140,0.994286,-0.169912,0.155060
0.002352,0.677044,0.877749,-0.534098,-0.234798
0.002355,0.343874,0.627583,-0.816971,-0.588911
0.002357,-0.041648,0.281873,-0.975468,-0.853366
0.002360,-0.420829,-0.106750,-0.985459,-0.987905
0.002363,-0.735943,-0.479121,-0.845423,-0.972044
0.002365,-0.939016,-0.778550,-0.576679,-0.808198
0.002367,-0.999132,-0.959452,-0.220140,-0.521311
0.002370,-0.907140,-0.994286,0.169912,-0.155060
0.002373,-0.677044,-0.877749,0.534098,0.234798
0.002375,-0.343874,-0.627583,0.816971,0.588911
0.002377,0.041648,-0.281873,0.975468,0.853366
0.002380,0.420829,0.106750,0.985459,0.987905
0.002383,0.735943,0.479121,0.845423,0.972044
0.002385,0.939016,0.778550,0.576679,0.808198
0.002387,0.999132,0.959452,0.220140,0.521311
0.002390,0.907140,0.994286,-0.169912,0.155060
0.002393,0.677044,0.877749,-0.534098,-0.234798
0.002395,0.343874,0.627583,-0.816971,-0.588911
0.002397,-0.041648,0.281873,-0.975468,-0.853366
0.002400,-0.420829,-0.106750,-0.985459,-0.987905
0.002403,-0.735943,-0.479121,-0.845423,-0.972044
0.002405,-0.939016,-0.778550,-0.576679,-0.808198
0.002407,-0.999132,-0.959452,-0.220140,-0.521311
0.002410,-0.907140,-0.994286,0.169912,-0.155060
0.002413,-0.677044,-0.877749,0.534098,0.234798
0.002415,-0.343874,-0.627583,0.816971,0.588911
0.002417,0.041648,-0.281873,0.975468,0.853366
0.002420,0.420829,0.106750,0.985459,0.987905
0.002423,0.735943,0.479121,0.845423,0.972044
0.002425,0.939016,0.778550,0.576679,0.808198
0.002427,0.999132,0.959452,0.220140,0.521311
0.002430,0.907140,0.994286,-0.169912,0.155060
0.002433,0.677044,0.877749,-0.534098,-0.234798
0.002435,0.343874,0.627583,-0.816971,-0.588911
0.002437,-0.041648,0.281873,-0.975468,-0.853366
0.002440,-0.420829,-0.106750,-0.985459,-0.987905
0.002442,-0.735943,-0.479121,-0.845423,-0.972044
0.002445,-0.939016,-0.778550,-0.576679,-0.808198
0.002448,-0.999132,-0.959452,-0.220140,-0.521311
0.002450,-0.907140,-0.994286,0.169912,-0.155060
0.002452,-0.677044,-0.877749,0.534098,0.234798
0.002455,-0.343874,-0.627583,0.816971,0.588911
0.002458,0.041648,-0.281873,0.975468,0.853366
0.002460,0.420829,0.106750,0.985459,0.987905
0.002462,0.735943,0.479121,0.845423,0.972044
0.002465,0.939016,0.778550,0.576679,0.808198
0.002468,0.999132,0.959452,0.220140,0.521311
0.002470,0.907140,0.994286,-0.169912,0.155060
0.002472,0.677044,0.877749,-0.534098,-0.234798
0.002475,0.343874,0.627583,-0.816971,-0.588911
0.002478,-0.041648,0.281873,-0.975468,-0.853366
0.002480,-0.420829,-0.106750,-0.985459,-0.987905
0.002482,-0.735943,-0.479121,-0.845423,-0.972044
0.002485,-0.939016,-0.778550,-0.576679,-0.808198
0.002488,-0.999132,-0.959452,-0.220140,-0.521311
0.002490,-0.907140,-0.994286,0.169912,-0.155060
0.002492,-0.677044,-0.877749,0.534098,0.234798
0.002495,-0.343874,-0.627583,0.816971,0.588911
0.002498,0.041648,-0.281873,0.975468,0.853366
0.002500,0.420829,0.106750,0.985459,0.987905
0.002502,0.735943,0.479121,0.845423,0.972044
0.002505,0.939016,0.778550,0.576679,0.808198
0.002508,0.999132,0.959452,0.220140,0.521311
0.002510,0.907140,0.994286,-0.169912,0.155060
0.002512,0.677044,0.877749,-0.534098,-0.234798
0.002515,0.343874,0.627583,-0.816971,-0.588911
0.002518,-0.041648,0.281873,-0.975468,-0.853366
0.002520,-0.420829,-0.106750,-0.985459,-0.987905
0.002523,-0.735943,-0.479121,-0.845423,-0.972044
0.002525,-0.939016,-0.778550,-0.576679,-0.808198
0.002527,-0.999132,-0.959452,-0.220140,-0.521311
0.002530,-0.907140,-0.994286,0.169912,-0.155060
0.002533,-0.677044,-0.877749,0.534098,0.234798
0.002535,-0.343874,-0.627583,0.816971,0.588911
0.002537,0.041648,-0.281873,0.975468,0.853366
0.002540,0.420829,0.106750,0.985459,0.987905
0.002543,0.735943,0.479121,0.845423,0.972044
0.002545,0.939016,0.778550,0.576679,0.808198
0.002547,0.999132,0.959452,0.220140,0.521311
0.002550,0.907140,0.994286,-0.169912,0.155060
0.002553,0.677044,0.877749,-0.534098,-0.234798
0.002555,0.343874,0.627583,-0.816971,-0.588911
0.002557,-0.041648,0.281873,-0.975468,-0.853366
0.002560,-0.420829,-0.106750,-0.985459,-0.987905
0.002563,-0.735943,-0.479121,-0.845423,-0.972044
0.002565,-0.939016,-0.778550,-0.576679,-0.808198
0.002567,-0.999132,-0.959452,-0.220140,-0.521311
0.002570,-0.907140,-0.994286,0.169912,-0.155060
0.002573,-0.677044,-0.877749,0.534098,0.234798
0.002575,-0.343874,-0.627583,0.816971,0.588911
0.002577,0.041648,-0.281873,0.975468,0.853366
0.002580,0.420829,0.106750,0.985459,0.987905
0.002583,0.735943,0.479121,0.845423,0.972044
0.002585,0.939016,0.778550,0.576679,0.808198
0.002587,0.999132,0.959452,0.220140,0.521311
0.002590,0.907140,0.994286,-0.169912,0.155060
0.002593,0.677044,0.877749,-0.534098,-0.234798
0.002595,0.343874,0.627583,-0.816971,-0.588911
0.002597,-0.041648,0.281873,-0.975468,-0.853366
0.002600,-0.420829,-0.106750,-0.985459,-0.987905
0.002603,-0.735943,-0.479121,-0.845423,-0.972044
0.002605,-0.939016,-0.778550,-0.576679,-0.808198
0.002608,-0.999132,-0.959452,-0.220140,-0.521311
0.002610,-0.907140,-0.994286,0.169912,-0.155060
0.002612,-0.677044,-0.877749,0.534098,0.234798
0.002615,-0.343874,-0.627583,0.816971,0.588911
0.002618,0.041648,-0.281873,0.975468,0.853366
0.002620,0.420829,0.106750,0.985459,0.987905
0.002622,0.735943,0.479121,0.845423,0.972044
0.002625,0.939016,0.778550,0.576679,0.808198
0.002628,0.999132,0.959452,0.220140,0.521311
0.002630,0.907140,0.994286,-0.169912,0.155060
0.002632,0.677044,0.877749,-0.534098,-0.234798
0.002635,0.343874,0.627583,-0.816971,-0.588911
0.002638,-0.041648,0.281873,-0.975468,-0.853366
0.002640,-0.420829,-0.106750,-0.985459,-0.987905
0.002642,-0.735943,-0.479121,-0.845423,-0.972044
0.002645,-0.939016,-0.778550,-0.576679,-0.808198
0.002648,-0.999132,-0.959452,-0.220140,-0.521311
0.002650,-0.907140,-0.994286,0.169912,-0.155060
0.002652,-0.677044,-0.877749,0.534098,0.234798
0.002655,-0.343874,-0.627583,0.816971,0.588911
0.002658,0.041648,-0.281873,0.975468,0.853366
0.002660,0.420829,0.106750,0.985459,0.987905
0.002662,0.735943,0.479121,0.845423,0.972044
0.002665,0.939016,0.778550,0.576679,0.808198
0.002668,0.999132,0.959452,0.220140,0.521311
0.002670,0.907140,0.994286,-0.169912,0.155060
0.002672,0.677044,0.877749,-0.534098,-0.234798
0.002675,0.343874,0.627583,-0.816971,-0.588911
0.002678,-0.041648,0.281873,-0.975468,-0.853366
0.002680,-0.420829,-0.106750,-0.985459,-0.987905
0.002682,-0.735943,-0.479121,-0.845423,-0.972044
0.002685,-0.939016,-0.778550,-0.576679,-0.808198
0.002687,-0.999132,-0.959452,-0.220140,-0.521311
0.002690,-0.907140,-0.994286,0.169912,-0.155060
0.002693,-0.677044,-0.877749,0.534098,0.234798
0.002695,-0.343874,-0.627583,0.816971,0.588911
0.002697,0.041648,-0.281873,0.975468,0.853366
0.002700,0.420829,0.106750,0.985459,0.987905
0.002703,0.735943,0.479121,0.845423,0.972044
0.002705,0.939016,0.778550,0.576679,0.808198
0.002707,0.999132,0.959452,0.220140,0.521311
0.002710,0.907140,0.994286,-0.169912,0.155060
0.002713,0.677044,0.877749,-0.534098,-0.234798
0.002715,0.343874,0.627583,-0.816971,-0.588911
0.002717,-0.041648,0.281873,-0.975468,-0.853366
0.002720,-0.420829,-0.106750,-0.985459,-0.987905
0.002723,-0.735943,-0.479121,-0.845423,-0.972044
0.002725,-0.939016,-0.778550,-0.576679,-0.808198
0.002727,-0.999132,-0.959452,-0.220140,-0.521311
0.002730,-0.907140,-0.994286,0.169912,-0.155060
0.002733,-0.677044,-0.877749,0.534098,0.234798
0.002735,-0.343874,-0.627583,0.816971,0.588911
0.002737,0.041648,-0.281873,0.975468,0.853366
0.002740,0.420829,0.106750,0.985459,0.987905
0.002743,0.735943,0.479121,0.845423,0.972044
0.002745,0.939016,0.778550,0.576679,0.808198
0.002747,0.999132,0.959452,0.220140,0.521311
0.002750,0.907140,0.994286,-0.169912,0.155060
0.002753,0.677044,0.877749,-0.534098,-0.234798
0.002755,0.343874,0.627583,-0.816971,-0.588911
0.002757,-0.041648,0.281873,-0.975468,-0.853366
0.002760,-0.420829,-0.106750,-0.985459,-0.987905
0.002763,-0.735943,-0.479121,-0.845423,-0.972044
0.002765,-0.939016,-0.778550,-0.576679,-0.808198
0.002767,-0.999132,-0.959452,-0.220140,-0.521311
0.002770,-0.907140,-0.994286,0.169912,-0.155060
0.002772,-0.677044,-0.877749,0.534098,0.234798
0.002775,-0.343874,-0.627583,0.816971,0.588911
0.002778,0.041648,-0.281873,0.975468,0.853366
0.002780,0.420829,0.106750,0.985459,0.987905
0.002782,0.735943,0.479121,0.845423,0.972044
0.002785,0.939016,0.778550,0.576679,0.808198
0.002788,0.999132,0.959452,0.220140,0.521311
0.002790,0.907140,0.994286,-0.169912,0.155060
0.002792,0.677044,0.877749,-0.534098,-0.234798
0.002795,0.343874,0.627583,-0.816971,-0.588911
0.002798,-0.041648,0.281873,-0.975468,-0.853366
0.002800,-0.420829,-0.106750,-0.985459,-0.987905
0.002802,-0.735943,-0.479121,-0.845423,-0.972044
0.002805,-0.939016,-0.778550,-0.576679,-0.808198
0.002808,-0.999132,-0.959452,-0.220140,-0.521311
0.002810,-0.907140,-0.994286,0.169912,-0.155060
0.002812,-0.677044,-0.877749,0.534098,0.234798
0.002815,-0.343874,-0.627583,0.816971,0.588911
0.002818,0.041648,-0.281873,0.975468,0.853366
0.002820,0.420829,0.106750,0.985459,0.987905
0.002822,0.735943,0.479121,0.845423,0.972044
0.002825,0.939016,0.778550,0.576679,0.808198
0.002828,0.999132,0.959452,0.220140,0.521311
0.002830,0.907140,0.994286,-0.169912,0.155060
0.002832,0.677044,0.877749,-0.534098,-0.234798
0.002835,0.343874,0.627583,-0.816971,-0.588911
0.002838,-0.041648,0.281873,-0.975468,-0.853366
0.002840,-0.420829,-0.106750,-0.985459,-0.987905
0.002842,-0.735943,-0.479121,-0.845423,-0.972044
0.002845,-0.939016,-0.778550,-0.576679,-0.808198
0.002848,-0.999132,-0.959452,-0.220140,-0.521311
0.002850,-0.907140,-0.994286,0.169912,-0.155060
0.002853,-0.677044,-0.877749,0.534098,0.234798
0.002855,-0.343874,-0.627583,0.816971,0.588911
0.002857,0.041648,-0.281873,0.975468,0.853366
0.002860,0.420829,0.106750,0.985459,0.987905
0.002863,0.735943,0.479121,0.845423,0.972044
0.002865,0.939016,0.778550,0.576679,0.808198
0.002867,0.999132,0.959452,0.220140,0.521311
0.002870,0.907140,0.994286,-0.169912,0.155060
0.002873,0.677044,0.877749,-0.534098,-0.234798
0.002875,0.343874,0.627583,-0.816971,-0.588911
0.002877,-0.041648,0.281873,-0.975468,-0.853366
0.002880,-0.420829,-0.106750,-0.985459,-0.987905
0.002883,-0.735943,-0.479121,-0.845423,-0.972044
0.002885,-0.939016,-0.778550,-0.576679,-0.808198
0.002887,-0.999132,-0.959452,-0.220140,-0.521311
0.002890,-0.907140,-0.994286,0.169912,-0.155060
0.002893,-0.677044,-0.877749,0.534098,0.234798
0.002895,-0.343874,-0.627583,0.816971,0.588911
0.002897,0.041648,-0.281873,0.975468,0.853366
0.002900,0.420829,0.106750,0.985459,0.987905
0.002903,0.735943,0.479121,0.845423,0.972044
0.002905,0.939016,0.778550,0.576679,0.808198
0.002907,0.999132,0.959452,0.220140,0.521311
0.002910,0.907140,0.994286,-0.169912,0.155060
0.002913,0.677044,0.877749,-0.534098,-0.234798
0.002915,0.343874,0.627583,-0.816971,-0.588911
0.002917,-0.041648,0.281873,-0.975468,-0.853366
0.002920,-0.420829,-0.106750,-0.985459,-0.987905
0.002923,-0.735943,-0.479121,-0.845423,-0.972044
0.002925,-0.939016,-0.778550,-0.576679,-0.808198
0.002927,-0.999132,-0.959452,-0.220140,-0.521311
0.002930,-0.907140,-0.994286,0.169912,-0.155060
0.002933,-0.677044,-0.877749,0.534098,0.234798
0.002935,-0.343874,-0.627583,0.816971,0.588911
0.002938,0.041648,-0.281873,0.975468,0.853366
0.002940,0.420829,0.106750,0.985459,0.987905
0.002942,0.735943,0.479121,0.845423,0.972044
0.002945,0.939016,0.778550,0.576679,0.808198
0.002948,0.999132,0.959452,0.220140,0.521311
0.002950,0.907140,0.994286,-0.169912,0.155060
0.002952,0.677044,0.877749,-0.534098,-0.234798
0.002955,0.343874,0.627583,-0.816971,-0.588911
0.002958,-0.041648,0.281873,-0.975468,-0.853366
0.002960,-0.420829,-0.106750,-0.985459,-0.987905
0.002962,-0.735943,-0.479121,-0.845423,-0.972044
0.002965,-0.939016,-0.778550,-0.576679,-0.808198
0.002968,-0.999132,-0.959452,-0.220140,-0.521311
0.002970,-0.907140,-0.994286,0.169912,-0.155060
0.002972,-0.677044,-0.877749,0.534098,0.234798
0.002975,-0.343874,-0.627583,0.816971,0.588911
0.002978,0.041648,-0.281873,0.975468,0.853366
0.002980,0.420829,0.106750,0.985459,0.987905
0.002982,0.735943,0.479121,0.845423,0.972044
0.002985,0.939016,0.778550,0.576679,0.808198
0.002988,0.999132,0.959452,0.220140,0.521311
0.002990,0.907140,0.994286,-0.169912,0.155060
0.002992,0.677044,0.877749,-0.534098,-0.234798
0.002995,0.343874,0.627583,-0.816971,-0.588911
0.002998,-0.041648,0.281873,-0.975468,-0.853366
0.003000,-0.420829,-0.106750,-0.985459,-0.987905
0.003002,-0.735943,-0.479121,-0.845423,-0.972044
0.003005,-0.939016,-0.778550,-0.576679,-0.808198
0.003008,-0.999132,-0.959452,-0.220140,-0.521311
0.003010,-0.907140,-0.994286,0.169912,-0.155060
0.003012,-0.677044,-0.877749,0.534098,0.234798
0.003015,-0.343874,-0.627583,0.816971,0.588911
0.003018,0.041648,-0.281873,0.975468,0.853366
0.003020,0.420829,0.106750,0.985459,0.987905
0.003023,0.735943,0.479121,0.845423,0.972044
0.003025,0.939016,0.778550,0.576679,0.808198
0.003027,0.999132,0.959452,0.220140,0.521311
0.003030,0.907140,0.994286,-0.169912,0.155060
0.003033,0.677044,0.877749,-0.534098,-0.234798
0.003035,0.343874,0.627583,-0.816971,-0.588911
0.003037,-0.041648,0.281873,-0.975468,-0.853366
0.003040,-0.420829,-0.106750,-0.985459,-0.987905
0.003043,-0.735943,-0.479121,-0.845423,-0.972044
0.003045,-0.939016,-0.778550,-0.576679,-0.808198
0.003047,-0.999132,-0.959452,-0.220140,-0.521311
0.003050,-0.907140,-0.994286,0.169912,-0.155060
0.003053,-0.677044,-0.877749,0.534098,0.234798
0.003055,-0.343874,-0.627583,0.816971,0.588911
0.003057,0.041648,-0.281873,0.975468,0.853366
0.003060,0.420829,0.106750,0.985459,0.987905
0.003063,0.735943,0.479121,0.845423,0.972044
0.003065,0.939016,0.778550,0.576679,0.808198
0.003067,0.999132,0.959452,0.220140,0.521311
0.003070,0.907140,0.994286,-0.169912,0.155060
0.003073,0.677044,0.877749,-0.534098,-0.234798
0.003075,0.343874,0.627583,-0.816971,-0.588911
0.003077,-0.041648,0.281873,-0.975468,-0.853366
0.003080,-0.420829,-0.106750,-0.985459,-0.987905
0.003083,-0.735943,-0.479121,-0.845423,-0.972044
0.003085,-0.939016,-0.778550,-0.576679,-0.808198
0.003087,-0.999132,-0.959452,-0.220140,-0.521311
0.003090,-0.907140,-0.994286,0.169912,-0.155060
0.003093,-0.677044,-0.877749,0.534098,0.234798
0.003095,-0.343874,-0.627583,0.816971,0.588911
0.003097,0.041648,-0.281873,0.975468,0.853366
0.003100,0.420829,0.106750,0.985459,0.987905
0.003102,0.735943,0.479121,0.845423,0.972044
0.003105,0.939016,0.778550,0.576679,0.808198
0.003108,0.999132,0.959452,0.220140,0.521311
0.003110,0.907140,0.994286,-0.169912,0.155060
0.003112,0.677044,0.877749,-0.534098,-0.234798
0.003115,0.343874,0.627583,-0.816971,-0.588911
0.003118,-0.041648,0.281873,-0.975468,-0.853366
0.003120,-0.420829,-0.106750,-0.985459,-0.987905
0.003122,-0.735943,-0.479121,-0.845423,-0.972044
0.003125,-0.939016,-0.778550,-0.576679,-0.808198
0.003128,-0.999132,-0.959452,-0.220140,-0.521311
0.003130,-0.907140,-0.994286,0.169912,-0.155060
0.003132,-0.677044,-0.877749,0.534098,0.234798
0.003135,-0.343874,-0.627583,0.816971,0.588911
0.003138,0.041648,-0.281873,0.975468,0.853366
0.003140,0.420829,0.106750,0.985459,0.987905
0.003142,0.735943,0.479121,0.845423,0.972044
0.003145,0.939016,0.778550,0.576679,0.808198
0.003148,0.999132,0.959452,0.220140,0.521311
0.003150,0.907140,0.994286,-0.169912,0.155060
0.003152,0.677044,0.877749,-0.534098,-0.234798
0.003155,0.343874,0.627583,-0.816971,-0.588911
0.003158,-0.041648,0.281873,-0.975468,-0.853366
0.003160,-0.420829,-0.106750,-0.985459,-0.987905
0.003162,-0.735943,-0.479121,-0.845423,-0.972044
0.003165,-0.939016,-0.778550,-0.576679,-0.808198
0.003168,-0.999132,-0.959452,-0.220140,-0.521311
0.003170,-0.907140,-0.994286,0.169912,-0.155060
0.003172,-0.677044,-0.877749,0.534098,0.234798
0.003175,-0.343874,-0.627583,0.816971,0.588911
0.003178,0.041648,-0.281873,0.975468,0.853366
0.003180,0.420829,0.106750,0.985459,0.987905
0.003182,0.735943,0.479121,0.845423,0.972044
0.003185,0.939016,0.778550,0.576679,0.808198
0.003187,0.999132,0.959452,0.220140,0.521311
0.003190,0.907140,0.994286,-0.169912,0.155060
0.003193,0.677044,0.877749,-0.534098,-0.234798
0.003195,0.343874,0.627583,-0.816971,-0.588911
0.003197,-0.041648,0.281873,-0.975468,-0.853366
0.003200,-0.420829,-0.106750,-0.985459,-0.987905
0.003203,-0.735943,-0.479121,-0.845423,-0.972044
0.003205,-0.939016,-0.778550,-0.576679,-0.808198
0.003207,-0.999132,-0.959452,-0.220140,-0.521311
0.003210,-0.907140,-0.994286,0.169912,-0.155060
0.003213,-0.677044,-0.877749,0.534098,0.234798
0.003215,-0.343874,-0.627583,0.816971,0.588911
0.003217,0.041648,-0.281873,0.975468,0.853366
0.003220,0.420829,0.106750,0.985459,0.987905
0.003223,0.735943,0.479121,0.845423,0.972044
0.003225,0.939016,0.778550,0.576679,0.808198
0.003227,0.999132,0.959452,0.220140,0.521311
0.003230,0.907140,0.994286,-0.169912,0.155060
0.003233,0.677044,0.877749,-0.534098,-0.234798
0.003235,0.343874,0.627583,-0.816971,-0.588911
0.003237,-0.041648,0.281873,-0.975468,-0.853366
0.003240,-0.420829,-0.106750,-0.985459,-0.987905
0.003243,-0.735943,-0.479121,-0.845423,-0.972044
0.003245,-0.939016,-0.778550,-0.576679,-0.808198
0.003247,-0.999132,-0.959452,-0.220140,-0.521311
0.003250,-0.907140,-0.994286,0.169912,-0.155060
0.003253,-0.677044,-0.877749,0.534098,0.234798
0.003255,-0.343874,-0.627583,0.816971,0.588911
0.003257,0.041648,-0.281873,0.975468,0.853366
0.003260,0.420829,0.106750,0.985459,0.987905
0.003263,0.735943,0.479121,0.845423,0.972044
0.003265,0.939016,0.778550,0.576679,0.808198
0.003268,0.999132,0.959452,0.220140,0.521311
0.003270,0.907140,0.994286,-0.169912,0.155060
0.003272,0.677044,0.877749,-0.534098,-0.234798
0.003275,0.343874,0.627583,-0.816971,-0.588911
0.003278,-0.041648,0.281873,-0.975468,-0.853366
0.003280,-0.420829,-0.106750,-0.985459,-0.987905
0.003282,-0.735943,-0.479121,-0.845423,-0.972044
0.003285,-0.939016,-0.778550,-0.576679,-0.808198
0.003288,-0.999132,-0.959452,-0.220140,-0.521311
0.003290,-0.907140,-0.994286,0.169912,-0.155060
0.003292,-0.677044,-0.877749,0.534098,0.234798
0.003295,-0.343874,-0.627583,0.816971,0.588911
0.003298,0.041648,-0.281873,0.975468,0.853366
0.003300,0.420829,0.106750,0.985459,0.987905
0.003302,0.735943,0.479121,0.845423,0.972044
0.003305,0.939016,0.778550,0.576679,0.808198
0.003308,0.999132,0.959452,0.220140,0.521311
0.003310,0.907140,0.994286,-0.169912,0.155060
0.003312,0.677044,0.877749,-0.534098,-0.234798
0.003315,0.343874,0.627583,-0.816971,-0.588911
0.003318,-0.041648,0.281873,-0.975468,-0.853366
0.003320,-0.420829,-0.106750,-0.985459,-0.987905
0.003322,-0.735943,-0.479121,-0.845423,-0.972044
0.003325,-0.939016,-0.778550,-0.576679,-0.808198
0.003328,-0.999132,-0.959452,-0.220140,-0.521311
0.003330,-0.907140,-0.994286,0.169912,-0.155060
0.003332,-0.677044,-0.877749,0.534098,0.234798
0.003335,-0.343874,-0.627583,0.816971,0.588911
0.003338,0.041648,-0.281873,0.975468,0.853366
0.003340,0.420829,0.106750,0.985459,0.987905
0.003342,0.735943,0.479121,0.845423,0.972044
0.003345,0.939016,0.778550,0.576679,0.808198
0.003348,0.999132,0.959452,0.220140,0.521311
0.003350,0.907140,0.994286,-0.169912,0.155060
0.003353,0.677044,0.877749,-0.534098,-0.234798
0.003355,0.343874,0.627583,-0.816971,-0.588911
0.003357,-0.041648,0.281873,-0.975468,-0.853366
0.003360,-0.420829,-0.106750,-0.985459,-0.987905
0.003363,-0.735943,-0.479121,-0.845423,-0.972044
0.003365,-0.939016,-0.778550,-0.576679,-0.808198
0.003367,-0.999132,-0.959452,-0.220140,-0.521311
0.003370,-0.907140,-0.994286,0.169912,-0.155060
0.003373,-0.677044,-0.877749,0.534098,0.234798
0.003375,-0.343874,-0.627583,0.816971,0.588911
0.003377,0.041648,-0.281873,0.975468,0.853366
0.003380,0.420829,0.106750,0.985459,0.987905
0.003383,0.735943,0.479121,0.845423,0.972044
0.003385,0.939016,0.778550,0.576679,0.808198
0.003387,0.999132,0.959452,0.220140,0.521311
0.003390,0.907140,0.994286,-0.169912,0.155060
0.003393,0.677044,0.877749,-0.534098,-0.234798
0.003395,0.343874,0.627583,-0.816971,-0.588911
0.003397,-0.041648,0.281873,-0.975468,-0.853366
0.003400,-0.420829,-0.106750,-0.985459,-0.987905
0.003403,-0.735943,-0.479121,-0.845423,-0.972044
0.003405,-0.939016,-0.778550,-0.576679,-0.808198
0.003407,-0.999132,-0.959452,-0.220140,-0.521311
0.003410,-0.907140,-0.994286,0.169912,-0.155060
0.003413,-0.677044,-0.877749,0.534098,0.234798
0.003415,-0.343874,-0.627583,0.816971,0.588911
0.003417,0.041648,-0.281873,0.975468,0.853366
0.003420,0.420829,0.106750,0.985459,0.987905
0.003423,0.735943,0.479121,0.845423,0.972044
0.003425,0.939016,0.778550,0.576679,0.808198
0.003427,0.999132,0.959452,0.220140,0.521311
0.003430,0.907140,0.994286,-0.169912,0.155060
0.003432,0.677044,0.877749,-0.534098,-0.234798
0.003435,0.343874,0.627583,-0.816971,-0.588911
0.003438,-0.041648,0.281873,-0.975468,-0.853366
0.003440,-0.420829,-0.106750,-0.985459,-0.987905
0.003442,-0.735943,-0.479121,-0.845423,-0.972044
0.003445,-0.939016,-0.778550,-0.576679,-0.808198
0.003448,-0.999132,-0.959452,-0.220140,-0.521311
0.003450,-0.907140,-0.994286,0.169912,-0.155060
0.003452,-0.677044,-0.877749,0.534098,0.234798
0.003455,-0.343874,-0.627583,0.816971,0.588911
0.003458,0.041648,-0.281873,0.975468,0.853366
0.003460,0.420829,0.106750,0.985459,0.987905
0.003462,0.735943,0.479121,0.845423,0.972044
0.003465,0.939016,0.778550,0.576679,0.808198
0.003468,0.999132,0.959452,0.220140,0.521311
0.003470,0.907140,0.994286,-0.169912,0.155060
0.003472,0.677044,0.877749,-0.534098,-0.234798
0.003475,0.343874,0.627583,-0.816971,-0.588911
0.003478,-0.041648,0.281873,-0.975468,-0.853366
0.003480,-0.420829,-0.106750,-0.985459,-0.987905
0.003482,-0.735943,-0.479121,-0.845423,-0.972044
0.003485,-0.939016,-0.778550,-0.576679,-0.808198
0.003488,-0.999132,-0.959452,-0.220140,-0.521311
0.003490,-0.907140,-0.994286,0.169912,-0.155060
0.003492,-0.677044,-0.877749,0.534098,0.234798
0.003495,-0.343874,-0.627583,0.816971,0.588911
0.003498,0.041648,-0.281873,0.975468,0.853366
0.003500,0.420829,0.106750,0.985459,0.987905
0.003502,0.735943,0.479121,0.845423,0.972044
0.003505,0.939016,0.778550,0.576679,0.808198
0.003508,0.999132,0.959452,0.220140,0.521311
0.003510,0.907140,0.994286,-0.169912,0.155060
0.003512,0.677044,0.877749,-0.534098,-0.234798
0.003515,0.343874,0.627583,-0.816971,-0.588911
0.003517,-0.041648,0.281873,-0.975468,-0.853366
0.003520,-0.420829,-0.106750,-0.985459,-0.987905
0.003523,-0.735943,-0.479121,-0.845423,-0.972044
0.003525,-0.939016,-0.778550,-0.576679,-0.808198
0.003527,-0.999132,-0.959452,-0.220140,-0.521311
0.003530,-0.907140,-0.994286,0.169912,-0.155060
0.003533,-0.677044,-0.877749,0.534098,0.234798
0.003535,-0.343874,-0.627583,0.816971,0.588911
0.003537,0.041648,-0.281873,0.975468,0.853366
0.003540,0.420829,0.106750,0.985459,0.987905
0.003543,0.735943,0.479121,0.845423,0.972044
0.003545,0.939016,0.778550,0.576679,0.808198
0.003547,0.999132,0.959452,0.220140,0.521311
0.003550,0.907140,0.994286,-0.169912,0.155060
0.003553,0.677044,0.877749,-0.534098,-0.234798
0.003555,0.343874,0.627583,-0.816971,-0.588911
0.003557,-0.041648,0.281873,-0.975468,-0.853366
0.003560,-0.420829,-0.106750,-0.985459,-0.987905
0.003563,-0.735943,-0.479121,-0.845423,-0.972044
0.003565,-0.939016,-0.778550,-0.576679,-0.808198
0.003567,-0.999132,-0.959452,-0.220140,-0.521311
0.003570,-0.907140,-0.994286,0.169912,-0.155060
0.003573,-0.677044,-0.877749,0.534098,0.234798
0.003575,-0.343874,-0.627583,0.816971,0.588911
0.003577,0.041648,-0.281873,0.975468,0.853366
0.003580,0.420829,0.106750,0.985459,0.987905
0.003583,0.735943,0.479121,0.845423,0.972044
0.003585,0.939016,0.778550,0.576679,0.808198
0.003587,0.999132,0.959452,0.220140,0.521311
0.003590,0.907140,0.994286,-0.169912,0.155060
0.003593,0.677044,0.877749,-0.534098,-0.234798
0.003595,0.343874,0.627583,-0.816971,-0.588911
0.003598,-0.041648,0.281873,-0.975468,-0.853366
0.003600,-0.420829,-0.106750,-0.985459,-0.987905
0.003602,-0.735943,-0.479121,-0.845423,-0.972044
0.003605,-0.939016,-0.778550,-0.576679,-0.808198
0.003608,-0.999132,-0.959452,-0.220140,-0.521311
0.003610,-0.907140,-0.994286,0.169912,-0.155060
0.003612,-0.677044,-0.877749,0.534098,0.234798
0.003615,-0.343874,-0.627583,0.816971,0.588911
0.003618,0.041648,-0.281873,0.975468,0.853366
0.003620,0.420829,0.106750,0.985459,0.987905
0.003622,0.735943,0.479121,0.845423,0.972044
0.003625,0.939016,0.778550,0.576679,0.808198
0.003628,0.999132,0.959452,0.220140,0.521311
0.003630,0.907140,0.994286,-0.169912,0.155060
0.003632,0.677044,0.877749,-0.534098,-0.234798
0.003635,0.343874,0.627583,-0.816971,-0.588911
0.003638,-0.041648,0.281873,-0.975468,-0.853366
0.003640,-0.420829,-0.106750,-0.985459,-0.987905
0.003642,-0.735943,-0.479121,-0.845423,-0.972044
0.003645,-0.939016,-0.778550,-0.576679,-0.808198
0.003648,-0.999132,-0.959452,-0.220140,-0.521311
0.003650,-0.907140,-0.994286,0.169912,-0.155060
0.003652,-0.677044,-0.877749,0.534098,0.234798
0.003655,-0.343874,-0.627583,0.816971,0.588911
0.003658,0.041648,-0.281873,0.975468,0.853366
0.003660,0.420829,0.106750,0.985459,0.987905
0.003662,0.735943,0.479121,0.845423,0.972044
0.003665,0.939016,0.778550,0.576679,0.808198
0.003668,0.999132,0.959452,0.220140,0.521311
0.003670,0.907140,0.994286,-0.169912,0.155060
0.003672,0.677044,0.877749,-0.534098,-0.234798
0.003675,0.343874,0.627583,-0.816971,-0.588911
0.003678,-0.041648,0.281873,-0.975468,-0.853366
0.003680,-0.420829,-0.106750,-0.985459,-0.987905
0.003683,-0.735943,-0.479121,-0.845423,-0.972044
0.003685,-0.939016,-0.778550,-0.576679,-0.808198
0.003687,-0.999132,-0.959452,-0.220140,-0.521311
0.003690,-0.907140,-0.994286,0.169912,-0.155060
0.003693,-0.677044,-0.877749,0.534098,0.234798
0.003695,-0.343874,-0.627583,0.816971,0.588911
0.003697,0.041648,-0.281873,0.975468,0.853366
0.003700,0.420829,0.106750,0.985459,0.987905
0.003703,0.735943,0.479121,0.845423,0.972044
0.003705,0.939016,0.778550,0.576679,0.808198
0.003707,0.999132,0.959452,0.220140,0.521311
0.003710,0.907140,0.994286,-0.169912,0.155060
0.003713,0.677044,0.877749,-0.534098,-0.234798
0.003715,0.343874,0.627583,-0.816971,-0.588911
0.003717,-0.041648,0.281873,-0.975468,-0.853366
0.003720,-0.420829,-0.106750,-0.985459,-0.987905
0.003723,-0.735943,-0.479121,-0.845423,-0.972044
0.003725,-0.939016,-0.778550,-0.576679,-0.808198
0.003727,-0.999132,-0.959452,-0.220140,-0.521311
0.003730,-0.907140,-0.994286,0.169912,-0.155060
0.003733,-0.677044,-0.877749,0.534098,0.234798
0.003735,-0.343874,-0.627583,0.816971,0.588911
0.003737,0.041648,-0.281873,0.975468,0.853366
0.003740,0.420829,0.106750,0.985459,0.987905
0.003743,0.735943,0.479121,0.845423,0.972044
0.003745,0.939016,0.778550,0.576679,0.808198
0.003747,0.999132,0.959452,0.220140,0.521311
0.003750,0.907140,0.994286,-0.169912,0.155060
0.003753,0.677044,0.877749,-0.534098,-0.234798
0.003755,0.343874,0.627583,-0.816971,-0.588911
0.003757,-0.041648,0.281873,-0.975468,-0.853366
0.003760,-0.420829,-0.106750,-0.985459,-0.987905
0.003762,-0.735943,-0.479121,-0.845423,-0.972044
0.003765,-0.939016,-0.778550,-0.576679,-0.808198
0.003768,-0.999132,-0.959452,-0.220140,-0.521311
0.003770,-0.907140,-0.994286,0.169912,-0.155060
0.003772,-0.677044,-0.877749,0.534098,0.234798
0.003775,-0.343874,-0.627583,0.816971,0.588911
0.003778,0.041648,-0.281873,0.975468,0.853366
0.003780,0.420829,0.106750,0.985459,0.987905
0.003782,0.735943,0.479121,0.845423,0.972044
0.003785,0.939016,0.778550,0.576679,0.808198
0.003788,0.999132,0.959452,0.220140,0.521311
0.003790,0.907140,0.994286,-0.169912,0.155060
0.003792,0.677044,0.877749,-0.534098,-0.234798
0.003795,0.343874,0.627583,-0.816971,-0.588911
0.003798,-0.041648,0.281873,-0.975468,-0.853366
0.003800,-0.420829,-0.106750,-0.985459,-0.987905
0.003802,-0.735943,-0.479121,-0.845423,-0.972044
0.003805,-0.939016,-0.778550,-0.576679,-0.808198
0.003808,-0.999132,-0.959452,-0.220140,-0.521311
0.003810,-0.907140,-0.994286,0.169912,-0.155060
0.003812,-0.677044,-0.877749,0.534098,0.234798
0.003815,-0.343874,-0.627583,0.816971,0.588911
0.003818,0.041648,-0.281873,0.975468,0.853366
0.003820,0.420829,0.106750,0.985459,0.987905
0.003822,0.735943,0.479121,0.845423,0.972044
0.003825,0.939016,0.778550,0.576679,0.808198
0.003828,0.999132,0.959452,0.220140,0.521311
0.003830,0.907140,0.994286,-0.169912,0.155060
0.003832,0.677044,0.877749,-0.534098,-0.234798
0.003835,0.343874,0.627583,-0.816971,-0.588911
0.003838,-0.041648,0.281873,-0.975468,-0.853366
0.003840,-0.420829,-0.106750,-0.985459,-0.987905
0.003842,-0.735943,-0.479121,-0.845423,-0.972044
0.003845,-0.939016,-0.778550,-0.576679,-0.808198
0.003847,-0.999132,-0.959452,-0.220140,-0.521311
0.003850,-0.907140,-0.994286,0.169912,-0.155060
0.003853,-0.677044,-0.877749,0.534098,0.234798
0.003855,-0.343874,-0.627583,0.816971,0.588911
0.003857,0.041648,-0.281873,0.975468,0.853366
0.003860,0.420829,0.106750,0.985459,0.987905
0.003863,0.735943,0.479121,0.845423,0.972044
0.003865,0.939016,0.778550,0.576679,0.808198
0.003867,0.999132,0.959452,0.220140,0.521311
0.003870,0.907140,0.994286,-0.169912,0.155060
0.003873,0.677044,0.877749,-0.534098,-0.234798
0.003875,0.343874,0.627583,-0.816971,-0.588911
0.003877,-0.041648,0.281873,-0.975468,-0.853366
0.003880,-0.420829,-0.106750,-0.985459,-0.987905
0.003883,-0.735943,-0.479121,-0.845423,-0.972044
0.003885,-0.939016,-0.778550,-0.576679,-0.808198
0.003887,-0.999132,-0.959452,-0.220140,-0.521311
0.003890,-0.907140,-0.994286,0.169912,-0.155060
0.003893,-0.677044,-0.877749,0.534098,0.234798
0.003895,-0.343874,-0.627583,0.816971,0.588911
0.003897,0.041648,-0.281873,0.975468,0.853366
0.003900,0.420829,0.106750,0.985459,0.987905
0.003903,0.735943,0.479121,0.845423,0.972044
0.003905,0.939016,0.778550,0.576679,0.808198
0.003908,0.999132,0.959452,0.220140,0.521311
0.003910,0.907140,0.994286,-0.169912,0.155060
0.003913,0.677044,0.877749,-0.534098,-0.234798
0.003915,0.343874,0.627583,-0.816971,-0.588911
0.003917,-0.041648,0.281873,-0.975468,-0.853366
0.003920,-0.420829,-0.106750,-0.985459,-0.987905
0.003922,-0.735943,-0.479121,-0.845423,-0.972044
0.003925,-0.939016,-0.778550,-0.576679,-0.808198
0.003927,-0.999132,-0.959452,-0.220140,-0.521311
0.003930,-0.907140,-0.994286,0.169912,-0.155060
0.003933,-0.677044,-0.877749,0.534098,0.234798
0.003935,-0.343874,-0.627583,0.816971,0.588911
0.003938,0.041648,-0.281873,0.975468,0.853366
0.003940,0.420829,0.106750,0.985459,0.987905
0.003942,0.735943,0.479121,0.845423,0.972044
0.003945,0.939016,0.778550,0.576679,0.808198
0.003947,0.999132,0.959452,0.220140,0.521311
0.003950,0.907140,0.994286,-0.169912,0.155060
0.003953,0.677044,0.877749,-0.534098,-0.234798
0.003955,0.343874,0.627583,-0.816971,-0.588911
0.003958,-0.041648,0.281873,-0.975468,-0.853366
0.003960,-0.420829,-0.106750,-0.985459,-0.987905
0.003962,-0.735943,-0.479121,-0.845423,-0.972044
0.003965,-0.939016,-0.778550,-0.576679,-0.808198
0.003967,-0.999132,-0.959452,-0.220140,-0.521311
0.003970,-0.907140,-0.994286,0.169912,-0.155060
0.003973,-0.677044,-0.877749,0.534098,0.234798
0.003975,-0.343874,-0.627583,0.816971,0.588911
0.003978,0.041648,-0.281873,0.975468,0.853366
0.003980,0.420829,0.106750,0.985459,0.987905
0.003982,0.735943,0.479121,0.845423,0.972044
0.003985,0.939016,0.778550,0.576679,0.808198
0.003987,0.999132,0.959452,0.220140,0.521311
0.003990,0.907140,0.994286,-0.169912,0.155060
0.003993,0.677044,0.877749,-0.534098,-0.234798
0.003995,0.343874,0.627583,-0.816971,-0.588911
0.003998,-0.041648,0.281873,-0.975468,-0.853366
0.004000,-0.420829,-0.106750,-0.985459,-0.987905
0.004002,-0.735943,-0.479121,-0.845423,-0.972044
0.004005,-0.939016,-0.778550,-0.576679,-0.808198
0.004007,-0.999132,-0.959452,-0.220140,-0.521311
0.004010,-0.907140,-0.994286,0.169912,-0.155060
0.004012,-0.677044,-0.877749,0.534098,0.234798
0.004015,-0.343874,-0.627583,0.816971,0.588911
0.004018,0.041648,-0.281873,0.975468,0.853366
0.004020,0.420829,0.106750,0.985459,0.987905
0.004023,0.735943,0.479121,0.845423,0.972044
0.004025,0.939016,0.778550,0.576679,0.808198
0.004027,0.999132,0.959452,0.220140,0.521311
0.004030,0.907140,0.994286,-0.169912,0.155060
0.004032,0.677044,0.877749,-0.534098,-0.234798
0.004035,0.343874,0.627583,-0.816971,-0.588911
0.004038,-0.041648,0.281873,-0.975468,-0.853366
0.004040,-0.420829,-0.106750,-0.985459,-0.987905
0.004043,-0.735943,-0.479121,-0.845423,-0.972044
0.004045,-0.939016,-0.778550,-0.576679,-0.808198
0.004047,-0.999132,-0.959452,-0.220140,-0.521311
0.004050,-0.907140,-0.994286,0.169912,-0.155060
0.004052,-0.677044,-0.877749,0.534098,0.234798
0.004055,-0.343874,-0.627583,0.816971,0.588911
0.004058,0.041648,-0.281873,0.975468,0.853366
0.004060,0.420829,0.106750,0.985459,0.987905
0.004063,0.735943,0.479121,0.845423,0.972044
0.004065,0.939016,0.778550,0.576679,0.808198
0.004067,0.999132,0.959452,0.220140,0.521311
0.004070,0.907140,0.994286,-0.169912,0.155060
0.004072,0.677044,0.877749,-0.534098,-0.234798
0.004075,0.343874,0.627583,-0.816971,-0.588911
0.004078,-0.041648,0.281873,-0.975468,-0.853366
0.004080,-0.420829,-0.106750,-0.985459,-0.987905
0.004083,-0.735943,-0.479121,-0.845423,-0.972044
0.004085,-0.939016,-0.778550,-0.576679,-0.808198
0.004087,-0.999132,-0.959452,-0.220140,-0.521311
0.004090,-0.907140,-0.994286,0.169912,-0.155060
0.004092,-0.677044,-0.877749,0.534098,0.234798
0.004095,-0.343874,-0.627583,0.816971,0.588911
0.004097,0.041648,-0.281873,0.975468,0.853366
0.004100,0.420829,0.106750,0.985459,0.987905
0.004103,0.735943,0.479121,0.845423,0.972044
0.004105,0.939016,0.778550,0.576679,0.808198
0.004108,0.999132,0.959452,0.220140,0.521311
0.004110,0.907140,0.994286,-0.169912,0.155060
0.004112,0.677044,0.877749,-0.534098,-0.234798
0.004115,0.343874,0.627583,-0.816971,-0.588911
0.004117,-0.041648,0.281873,-0.975468,-0.853366
0.004120,-0.420829,-0.106750,-0.985459,-0.987905
0.004123,-0.735943,-0.479121,-0.845423,-0.972044
0.004125,-0.939016,-0.778550,-0.576679,-0.808198
0.004128,-0.999132,-0.959452,-0.220140,-0.521311
0.004130,-0.907140,-0.994286,0.169912,-0.155060
0.004132,-0.677044,-0.877749,0.534098,0.234798
0.004135,-0.343874,-0.627583,0.816971,0.588911
0.004137,0.041648,-0.281873,0.975468,0.853366
0.004140,0.420829,0.106750,0.985459,0.987905
0.004143,0.735943,0.479121,0.845423,0.972044
0.004145,0.939016,0.778550,0.576679,0.808198
0.004148,0.999132,0.959452,0.220140,0.521311
0.004150,0.907140,0.994286,-0.169912,0.155060
0.004152,0.677044,0.877749,-0.534098,-0.234798
0.004155,0.343874,0.627583,-0.816971,-0.588911
0.004157,-0.041648,0.281873,-0.975468,-0.853366
0.004160,-0.420829,-0.106750,-0.985459,-0.987905
0.004163,-0.735943,-0.479121,-0.845423,-0.972044
0.004165,-0.939016,-0.778550,-0.576679,-0.808198
0.004168,-0.999132,-0.959452,-0.220140,-0.521311
0.004170,-0.907140,-0.994286,0.169912,-0.155060
0.004172,-0.677044,-0.877749,0.534098,0.234798
0.004175,-0.343874,-0.627583,0.816971,0.588911
0.004177,0.041648,-0.281873,0.975468,0.853366
0.004180,0.420829,0.106750,0.985459,0.987905
0.004182,0.735943,0.479121,0.845423,0.972044
0.004185,0.939016,0.778550,0.576679,0.808198
0.004188,0.999132,0.959452,0.220140,0.521311
0.004190,0.907140,0.994286,-0.169912,0.155060
0.004193,0.677044,0.877749,-0.534098,-0.234798
0.004195,0.343874,0.627583,-0.816971,-0.588911
0.004197,-0.041648,0.281873,-0.975468,-0.853366
0.004200,-0.420829,-0.106750,-0.985459,-0.987905
0.004202,-0.735943,-0.479121,-0.845423,-0.972044
0.004205,-0.939016,-0.778550,-0.576679,-0.808198
0.004208,-0.999132,-0.959452,-0.220140,-0.521311
0.004210,-0.907140,-0.994286,0.169912,-0.155060
0.004213,-0.677044,-0.877749,0.534098,0.234798
0.004215,-0.343874,-0.627583,0.816971,0.588911
0.004217,0.041648,-0.281873,0.975468,0.853366
0.004220,0.420829,0.106750,0.985459,0.987905
0.004222,0.735943,0.479121,0.845423,0.972044
0.004225,0.939016,0.778550,0.576679,0.808198
0.004228,0.999132,0.959452,0.220140,0.521311
0.004230,0.907140,0.994286,-0.169912,0.155060
0.004233,0.677044,0.877749,-0.534098,-0.234798
0.004235,0.343874,0.627583,-0.816971,-0.588911
0.004237,-0.041648,0.281873,-0.975468,-0.853366
0.004240,-0.420829,-0.106750,-0.985459,-0.987905
0.004242,-0.735943,-0.479121,-0.845423,-0.972044
0.004245,-0.939016,-0.778550,-0.576679,-0.808198
0.004248,-0.999132,-0.959452,-0.220140,-0.521311
0.004250,-0.907140,-0.994286,0.169912,-0.155060
0.004253,-0.677044,-0.877749,0.534098,0.234798
0.004255,-0.343874,-0.627583,0.816971,0.588911
0.004257,0.041648,-0.281873,0.975468,0.853366
0.004260,0.420829,0.106750,0.985459,0.987905
0.004262,0.735943,0.479121,0.845423,0.972044
0.004265,0.939016,0.778550,0.576679,0.808198
0.004267,0.999132,0.959452,0.220140,0.521311
0.004270,0.907140,0.994286,-0.169912,0.155060
0.004273,0.677044,0.877749,-0.534098,-0.234798
0.004275,0.343874,0.627583,-0.816971,-0.588911
0.004278,-0.041648,0.281873,-0.975468,-0.853366
0.004280,-0.420829,-0.106750,-0.985459,-0.987905
0.004282,-0.735943,-0.479121,-0.845423,-0.972044
0.004285,-0.939016,-0.778550,-0.576679,-0.808198
0.004287,-0.999132,-0.959452,-0.220140,-0.521311
0.004290,-0.907140,-0.994286,0.169912,-0.155060
0.004293,-0.677044,-0.877749,0.534098,0.234798
0.004295,-0.343874,-0.627583,0.816971,0.588911
0.004298,0.041648,-0.281873,0.975468,0.853366
0.004300,0.420829,0.106750,0.985459,0.987905
0.004302,0.735943,0.479121,0.845423,0.972044
0.004305,0.939016,0.778550,0.576679,0.808198
0.004307,0.999132,0.959452,0.220140,0.521311
0.004310,0.907140,0.994286,-0.169912,0.155060
0.004313,0.677044,0.877749,-0.534098,-0.234798
0.004315,0.343874,0.627583,-0.816971,-0.588911
0.004318,-0.041648,0.281873,-0.975468,-0.853366
0.004320,-0.420829,-0.106750,-0.985459,-0.987905
0.004322,-0.735943,-0.479121,-0.845423,-0.972044
0.004325,-0.939016,-0.778550,-0.576679,-0.808198
0.004327,-0.999132,-0.959452,-0.220140,-0.521311
0.004330,-0.907140,-0.994286,0.169912,-0.155060
0.004333,-0.677044,-0.877749,0.534098,0.234798
0.004335,-0.343874,-0.627583,0.816971,0.588911
0.004338,0.041648,-0.281873,0.975468,0.853366
0.004340,0.420829,0.106750,0.985459,0.987905
0.004343,0.735943,0.479121,0.845423,0.972044
0.004345,0.939016,0.778550,0.576679,0.808198
0.004347,0.999132,0.959452,0.220140,0.521311
0.004350,0.907140,0.994286,-0.169912,0.155060
0.004352,0.677044,0.877749,-0.534098,-0.234798
0.004355,0.343874,0.627583,-0.816971,-0.588911
0.004358,-0.041648,0.281873,-0.975468,-0.853366
0.004360,-0.420829,-0.106750,-0.985459,-0.987905
0.004363,-0.735943,-0.479121,-0.845423,-0.972044
0.004365,-0.939016,-0.778550,-0.576679,-0.808198
0.004367,-0.999132,-0.959452,-0.220140,-0.521311
0.004370,-0.907140,-0.994286,0.169912,-0.155060
0.004372,-0.677044,-0.877749,0.534098,0.234798
0.004375,-0.343874,-0.627583,0.816971,0.588911
0.004378,0.041648,-0.281873,0.975468,0.853366
0.004380,0.420829,0.106750,0.985459,0.987905
0.004383,0.735943,0.479121,0.845423,0.972044
0.004385,0.939016,0.778550,0.576679,0.808198
0.004387,0.999132,0.959452,0.220140,0.521311
0.004390,0.907140,0.994286,-0.169912,0.155060
0.004392,0.677044,0.877749,-0.534098,-0.234798
0.004395,0.343874,0.627583,-0.816971,-0.588911
0.004398,-0.041648,0.281873,-0.975468,-0.853366
0.004400,-0.420829,-0.106750,-0.985459,-0.987905
0.004403,-0.735943,-0.479121,-0.845423,-0.972044
0.004405,-0.939016,-0.778550,-0.576679,-0.808198
0.004407,-0.999132,-0.959452,-0.220140,-0.521311
0.004410,-0.907140,-0.994286,0.169912,-0.155060
0.004412,-0.677044,-0.877749,0.534098,0.234798
0.004415,-0.343874,-0.627583,0.816971,0.588911
0.004418,0.041648,-0.281873,0.975468,0.853366
0.004420,0.420829,0.106750,0.985459,0.987905
0.004423,0.735943,0.479121,0.845423,0.972044
0.004425,0.939016,0.778550,0.576679,0.808198
0.004428,0.999132,0.959452,0.220140,0.521311
0.004430,0.907140,0.994286,-0.169912,0.155060
0.004432,0.677044,0.877749,-0.534098,-0.234798
0.004435,0.343874,0.627583,-0.816971,-0.588911
0.004437,-0.041648,0.281873,-0.975468,-0.853366
0.004440,-0.420829,-0.106750,-0.985459,-0.987905
0.004443,-0.735943,-0.479121,-0.845423,-0.972044
0.004445,-0.939016,-0.778550,-0.576679,-0.808198
0.004448,-0.999132,-0.959452,-0.220140,-0.521311
0.004450,-0.907140,-0.994286,0.169912,-0.155060
0.004452,-0.677044,-0.877749,0.534098,0.234798
0.004455,-0.343874,-0.627583,0.816971,0.588911
0.004457,0.041648,-0.281873,0.975468,0.853366
0.004460,0.420829,0.106750,0.985459,0.987905
0.004463,0.735943,0.479121,0.845423,0.972044
0.004465,0.939016,0.778550,0.576679,0.808198
0.004468,0.999132,0.959452,0.220140,0.521311
0.004470,0.907140,0.994286,-0.169912,0.155060
0.004472,0.677044,0.877749,-0.534098,-0.234798
0.004475,0.343874,0.627583,-0.816971,-0.588911
0.004477,-0.041648,0.281873,-0.975468,-0.853366
0.004480,-0.420829,-0.106750,-0.985459,-0.987905
0.004483,-0.735943,-0.479121,-0.845423,-0.972044
0.004485,-0.939016,-0.778550,-0.576679,-0.808198
0.004488,-0.999132,-0.959452,-0.220140,-0.521311
0.004490,-0.907140,-0.994286,0.169912,-0.155060
0.004492,-0.677044,-0.877749,0.534098,0.234798
0.004495,-0.343874,-0.627583,0.816971,0.588911
0.004497,0.041648,-0.281873,0.975468,0.853366
0.004500,0.420829,0.106750,0.985459,0.987905
0.004503,0.735943,0.479121,0.845423,0.972044
0.004505,0.939016,0.778550,0.576679,0.808198
0.004508,0.999132,0.959452,0.220140,0.521311
0.004510,0.907140,0.994286,-0.169912,0.155060
0.004513,0.677044,0.877749,-0.534098,-0.234798
0.004515,0.343874,0.627583,-0.816971,-0.588911
0.004517,-0.041648,0.281873,-0.975468,-0.853366
0.004520,-0.420829,-0.106750,-0.985459,-0.987905
0.004522,-0.735943,-0.479121,-0.845423,-0.972044
0.004525,-0.939016,-0.778550,-0.576679,-0.808198
0.004528,-0.999132,-0.959452,-0.220140,-0.521311
0.004530,-0.907140,-0.994286,0.169912,-0.155060
0.004533,-0.677044,-0.877749,0.534098,0.234798
0.004535,-0.343874,-0.627583,0.816971,0.588911
0.004537,0.041648,-0.281873,0.975468,0.853366
0.004540,0.420829,0.106750,0.985459,0.987905
0.004542,0.735943,0.479121,0.845423,0.972044
0.004545,0.939016,0.778550,0.576679,0.808198
0.004548,0.999132,0.959452,0.220140,0.521311
0.004550,0.907140,0.994286,-0.169912,0.155060
0.004553,0.677044,0.877749,-0.534098,-0.234798
0.004555,0.343874,0.627583,-0.816971,-0.588911
0.004557,-0.041648,0.281873,-0.975468,-0.853366
0.004560,-0.420829,-0.106750,-0.985459,-0.987905
0.004562,-0.735943,-0.479121,-0.845423,-0.972044
0.004565,-0.939016,-0.778550,-0.576679,-0.808198
0.004568,-0.999132,-0.959452,-0.220140,-0.521311
0.004570,-0.907140,-0.994286,0.169912,-0.155060
0.004573,-0.677044,-0.877749,0.534098,0.234798
0.004575,-0.343874,-0.627583,0.816971,0.588911
0.004577,0.041648,-0.281873,0.975468,0.853366
0.004580,0.420829,0.106750,0.985459,0.987905
0.004582,0.735943,0.479121,0.845423,0.972044
0.004585,0.939016,0.778550,0.576679,0.808198
0.004588,0.999132,0.959452,0.220140,0.521311
0.004590,0.907140,0.994286,-0.169912,0.155060
0.004593,0.677044,0.877749,-0.534098,-0.234798
0.004595,0.343874,0.627583,-0.816971,-0.588911
0.004598,-0.041648,0.281873,-0.975468,-0.853366
0.004600,-0.420829,-0.106750,-0.985459,-0.987905
0.004602,-0.735943,-0.479121,-0.845423,-0.972044
0.004605,-0.939016,-0.778550,-0.576679,-0.808198
0.004607,-0.999132,-0.959452,-0.220140,-0.521311
0.004610,-0.907140,-0.994286,0.169912,-0.155060
0.004613,-0.677044,-0.877749,0.534098,0.234798
0.004615,-0.343874,-0.627583,0.816971,0.588911
0.004618,0.041648,-0.281873,0.975468,0.853366
0.004620,0.420829,0.106750,0.985459,0.987905
0.004622,0.735943,0.479121,0.845423,0.972044
0.004625,0.939016,0.778550,0.576679,0.808198
0.004627,0.999132,0.959452,0.220140,0.521311
0.004630,0.907140,0.994286,-0.169912,0.155060
0.004633,0.677044,0.877749,-0.534098,-0.234798
0.004635,0.343874,0.627583,-0.816971,-0.588911
0.004638,-0.041648,0.281873,-0.975468,-0.853366
0.004640,-0.420829,-0.106750,-0.985459,-0.987905
0.004642,-0.735943,-0.479121,-0.845423,-0.972044
0.004645,-0.939016,-0.778550,-0.576679,-0.808198
0.004647,-0.999132,-0.959452,-0.220140,-0.521311
0.004650,-0.907140,-0.994286,0.169912,-0.155060
0.004653,-0.677044,-0.877749,0.534098,0.234798
0.004655,-0.343874,-0.627583,0.816971,0.588911
0.004658,0.041648,-0.281873,0.975468,0.853366
0.004660,0.420829,0.106750,0.985459,0.987905
0.004662,0.735943,0.479121,0.845423,0.972044
0.004665,0.939016,0.778550,0.576679,0.808198
0.004667,0.999132,0.959452,0.220140,0.521311
0.004670,0.907140,0.994286,-0.169912,0.155060
0.004672,0.677044,0.877749,-0.534098,-0.234798
0.004675,0.343874,0.627583,-0.816971,-0.588911
0.004678,-0.041648,0.281873,-0.975468,-0.853366
0.004680,-0.420829,-0.106750,-0.985459,-0.987905
0.004683,-0.735943,-0.479121,-0.845423,-0.972044
0.004685,-0.939016,-0.778550,-0.576679,-0.808198
0.004687,-0.999132,-0.959452,-0.220140,-0.521311
0.004690,-0.907140,-0.994286,0.169912,-0.155060
0.004692,-0.677044,-0.877749,0.534098,0.234798
0.004695,-0.343874,-0.627583,0.816971,0.588911
0.004698,0.041648,-0.281873,0.975468,0.853366
0.004700,0.420829,0.106750,0.985459,0.987905
0.004703,0.735943,0.479121,0.845423,0.972044
0.004705,0.939016,0.778550,0.576679,0.808198
0.004707,0.999132,0.959452,0.220140,0.521311
0.004710,0.907140,0.994286,-0.169912,0.155060
0.004712,0.677044,0.877749,-0.534098,-0.234798
0.004715,0.343874,0.627583,-0.816971,-0.588911
0.004718,-0.041648,0.281873,-0.975468,-0.853366
0.004720,-0.420829,-0.106750,-0.985459,-0.987905
0.004723,-0.735943,-0.479121,-0.845423,-0.972044
0.004725,-0.939016,-0.778550,-0.576679,-0.808198
0.004727,-0.999132,-0.959452,-0.220140,-0.521311
0.004730,-0.907140,-0.994286,0.169912,-0.155060
0.004732,-0.677044,-0.877749,0.534098,0.234798
0.004735,-0.343874,-0.627583,0.816971,0.588911
0.004738,0.041648,-0.281873,0.975468,0.853366
0.004740,0.420829,0.106750,0.985459,0.987905
0.004743,0.735943,0.479121,0.845423,0.972044
0.004745,0.939016,0.778550,0.576679,0.808198
0.004747,0.999132,0.959452,0.220140,0.521311
0.004750,0.907140,0.994286,-0.169912,0.155060
0.004752,0.677044,0.877749,-0.534098,-0.234798
0.004755,0.343874,0.627583,-0.816971,-0.588911
0.004757,-0.041648,0.281873,-0.975468,-0.853366
0.004760,-0.420829,-0.106750,-0.985459,-0.987905
0.004763,-0.735943,-0.479121,-0.845423,-0.972044
0.004765,-0.939016,-0.778550,-0.576679,-0.808198
0.004768,-0.999132,-0.959452,-0.220140,-0.521311
0.004770,-0.907140,-0.994286,0.169912,-0.155060
0.004772,-0.677044,-0.877749,0.534098,0.234798
0.004775,-0.343874,-0.627583,0.816971,0.588911
0.004777,0.041648,-0.281873,0.975468,0.853366
0.004780,0.420829,0.106750,0.985459,0.987905
0.004783,0.735943,0.479121,0.845423,0.972044
0.004785,0.939016,0.778550,0.576679,0.808198
0.004788,0.999132,0.959452,0.220140,0.521311
0.004790,0.907140,0.994286,-0.169912,0.155060
0.004792,0.677044,0.877749,-0.534098,-0.234798
0.004795,0.343874,0.627583,-0.816971,-0.588911
0.004797,-0.041648,0.281873,-0.975468,-0.853366
0.004800,-0.420829,-0.106750,-0.985459,-0.987905
0.004803,-0.735943,-0.479121,-0.845423,-0.972044
0.004805,-0.939016,-0.778550,-0.576679,-0.808198
0.004808,-0.999132,-0.959452,-0.220140,-0.521311
0.004810,-0.907140,-0.994286,0.169912,-0.155060
0.004812,-0.677044,-0.877749,0.534098,0.234798
0.004815,-0.343874,-0.627583,0.816971,0.588911
0.004817,0.041648,-0.281873,0.975468,0.853366
0.004820,0.420829,0.106750,0.985459,0.987905
0.004823,0.735943,0.479121,0.845423,0.972044
0.004825,0.939016,0.778550,0.576679,0.808198
0.004828,0.999132,0.959452,0.220140,0.521311
0.004830,0.907140,0.994286,-0.169912,0.155060
0.004832,0.677044,0.877749,-0.534098,-0.234798
0.004835,0.343874,0.627583,-0.816971,-0.588911
0.004837,-0.041648,0.281873,-0.975468,-0.853366
0.004840,-0.420829,-0.106750,-0.985459,-0.987905
0.004842,-0.735943,-0.479121,-0.845423,-0.972044
0.004845,-0.939016,-0.778550,-0.576679,-0.808198
0.004848,-0.999132,-0.959452,-0.220140,-0.521311
0.004850,-0.907140,-0.994286,0.169912,-0.155060
0.004853,-0.677044,-0.877749,0.534098,0.234798
0.004855,-0.343874,-0.627583,0.816971,0.588911
0.004857,0.041648,-0.281873,0.975468,0.853366
0.004860,0.420829,0.106750,0.985459,0.987905
0.004862,0.735943,0.479121,0.845423,0.972044
0.004865,0.939016,0.778550,0.576679,0.808198
0.004868,0.999132,0.959452,0.220140,0.521311
0.004870,0.907140,0.994286,-0.169912,0.155060
0.004873,0.677044,0.877749,-0.534098,-0.234798
0.004875,0.343874,0.627583,-0.816971,-0.588911
0.004877,-0.041648,0.281873,-0.975468,-0.853366
0.004880,-0.420829,-0.106750,-0.985459,-0.987905
0.004882,-0.735943,-0.479121,-0.845423,-0.972044
0.004885,-0.939016,-0.778550,-0.576679,-0.808198
0.004888,-0.999132,-0.959452,-0.220140,-0.521311
0.004890,-0.907140,-0.994286,0.169912,-0.155060
0.004893,-0.677044,-0.877749,0.534098,0.234798
0.004895,-0.343874,-0.627583,0.816971,0.588911
0.004897,0.041648,-0.281873,0.975468,0.853366
0.004900,0.420829,0.106750,0.985459,0.987905
0.004902,0.735943,0.479121,0.845423,0.972044
0.004905,0.939016,0.778550,0.576679,0.808198
0.004908,0.999132,0.959452,0.220140,0.521311
0.004910,0.907140,0.994286,-0.169912,0.155060
0.004913,0.677044,0.877749,-0.534098,-0.234798
0.004915,0.343874,0.627583,-0.816971,-0.588911
0.004917,-0.041648,0.281873,-0.975468,-0.853366
0.004920,-0.420829,-0.106750,-0.985459,-0.987905
0.004922,-0.735943,-0.479121,-0.845423,-0.972044
0.004925,-0.939016,-0.778550,-0.576679,-0.808198
0.004927,-0.999132,-0.959452,-0.220140,-0.521311
0.004930,-0.907140,-0.994286,0.169912,-0.155060
0.004933,-0.677044,-0.877749,0.534098,0.234798
0.004935,-0.343874,-0.627583,0.816971,0.588911
0.004938,0.041648,-0.281873,0.975468,0.853366
0.004940,0.420829,0.106750,0.985459,0.987905
0.004942,0.735943,0.479121,0.845423,0.972044
0.004945,0.939016,0.778550,0.576679,0.808198
0.004947,0.999132,0.959452,0.220140,0.521311
0.004950,0.907140,0.994286,-0.169912,0.155060
0.004953,0.677044,0.877749,-0.534098,-0.234798
0.004955,0.343874,0.627583,-0.816971,-0.588911
0.004958,-0.041648,0.281873,-0.975468,-0.853366
0.004960,-0.420829,-0.106750,-0.985459,-0.987905
0.004962,-0.735943,-0.479121,-0.845423,-0.972044
0.004965,-0.939016,-0.778550,-0.576679,-0.808198
0.004967,-0.999132,-0.959452,-0.220140,-0.521311
0.004970,-0.907140,-0.994286,0.169912,-0.155060
0.004973,-0.677044,-0.877749,0.534098,0.234798
0.004975,-0.343874,-0.627583,0.816971,0.588911
0.004978,0.041648,-0.281873,0.975468,0.853366
0.004980,0.420829,0.106750,0.985459,0.987905
0.004982,0.735943,0.479121,0.845423,0.972044
0.004985,0.939016,0.778550,0.576679,0.808198
0.004987,0.999132,0.959452,0.220140,0.521311
0.004990,0.907140,0.994286,-0.169912,0.155060
0.004993,0.677044,0.877749,-0.534098,-0.234798
0.004995,0.343874,0.627583,-0.816971,-0.588911
0.004998,-0.041648,0.281873,-0.975468,-0.853366
0.005000,-0.420829,-0.106750,-0.985459,-0.987905
0.005003,-0.735943,-0.479121,-0.845423,-0.972044
0.005005,-0.939016,-0.778550,-0.576679,-0.808198
0.005007,-0.999132,-0.959452,-0.220140,-0.521311
0.005010,-0.907140,-0.994286,0.169912,-0.155060
0.005012,-0.677044,-0.877749,0.534098,0.234798
0.005015,-0.343874,-0.627583,0.816971,0.588911
0.005018,0.041648,-0.281873,0.975468,0.853366
0.005020,0.420829,0.106750,0.985459,0.987905
0.005023,0.735943,0.479121,0.845423,0.972044
0.005025,0.939016,0.778550,0.576679,0.808198
0.005027,0.999132,0.959452,0.220140,0.521311
0.005030,0.907140,0.994286,-0.169912,0.155060
0.005032,0.677044,0.877749,-0.534098,-0.234798
0.005035,0.343874,0.627583,-0.816971,-0.588911
0.005038,-0.041648,0.281873,-0.975468,-0.853366
0.005040,-0.420829,-0.106750,-0.985459,-0.987905
0.005043,-0.735943,-0.479121,-0.845423,-0.972044
0.005045,-0.939016,-0.778550,-0.576679,-0.808198
0.005047,-0.999132,-0.959452,-0.220140,-0.521311
0.005050,-0.907140,-0.994286,0.169912,-0.155060
0.005052,-0.677044,-0.877749,0.534098,0.234798
0.005055,-0.343874,-0.627583,0.816971,0.588911
0.005058,0.041648,-0.281873,0.975468,0.853366
0.005060,0.420829,0.106750,0.985459,0.987905
0.005063,0.735943,0.479121,0.845423,0.972044
0.005065,0.939016,0.778550,0.576679,0.808198
0.005067,0.999132,0.959452,0.220140,0.521311
0.005070,0.907140,0.994286,-0.169912,0.155060
0.005072,0.677044,0.877749,-0.534098,-0.234798
0.005075,0.343874,0.627583,-0.816971,-0.588911
0.005078,-0.041648,0.281873,-0.975468,-0.853366
0.005080,-0.420829,-0.106750,-0.985459,-0.987905
0.005083,-0.735943,-0.479121,-0.845423,-0.972044
0.005085,-0.939016,-0.778550,-0.576679,-0.808198
0.005088,-0.999132,-0.959452,-0.220140,-0.521311
0.005090,-0.907140,-0.994286,0.169912,-0.155060
0.005092,-0.677044,-0.877749,0.534098,0.234798
0.005095,-0.343874,-0.627583,0.816971,0.588911
0.005097,0.041648,-0.281873,0.975468,0.853366
0.005100,0.420829,0.106750,0.985459,0.987905
0.005103,0.735943,0.479121,0.845423,0.972044
0.005105,0.939016,0.778550,0.576679,0.808198
0.005108,0.999132,0.959452,0.220140,0.521311
0.005110,0.907140,0.994286,-0.169912,0.155060
0.005112,0.677044,0.877749,-0.534098,-0.234798
0.005115,0.343874,0.627583,-0.816971,-0.588911
0.005117,-0.041648,0.281873,-0.975468,-0.853366
